09:13:21 PM      eth0      9.09      9.09      1.14      0.86      0.00      0.00      0.00      0.00
09:13:22 PM      eth0    131.00    113.00      9.57     78.85      0.00      0.00      0.00      0.00
09:13:23 PM      eth0    197.96    169.39     15.76    148.44      0.00      0.00      0.00      0.00
09:13:24 PM      eth0    184.85    164.65     15.35    165.28      0.00      0.00      0.00      0.00
09:13:25 PM      eth0    231.00    203.00     19.43    230.23      0.00      0.00      0.00      0.00
09:13:26 PM      eth0    222.00    193.00     19.42    228.63      0.00      0.00      0.00      0.00
09:13:27 PM      eth0    368.00    314.00     31.55    312.10      0.00      0.00      0.00      0.00
09:13:28 PM      eth0    354.55    290.91     30.04    330.57      0.00      0.00      0.00      0.00
09:13:29 PM      eth0    349.00    293.00     30.21    320.76      0.00      0.00      0.00      0.00
09:13:30 PM      eth0    471.29    393.07     41.00    440.33      0.00      0.00      0.00      0.00
09:13:31 PM      eth0    500.96    408.65     43.95    468.87      0.00      0.00      0.00      0.00
09:13:32 PM      eth0    474.76    401.94     42.09    447.43      0.00      0.00      0.00      0.00
09:13:33 PM      eth0    596.08    500.98     52.95    534.43      0.00      0.00      0.00      0.00
09:13:34 PM      eth0    669.31    605.94     60.72    626.25      0.00      0.00      0.00      0.00
09:13:35 PM      eth0    732.65    635.71     64.23    673.68      0.00      0.00      0.00      0.00
09:13:36 PM      eth0    649.50    571.29     58.67    642.16      0.00      0.00      0.00      0.00
09:13:37 PM      eth0    738.14    663.92     67.25    685.66      0.00      0.00      0.00      0.00
09:13:38 PM      eth0    841.58    753.47     76.44    800.87      0.00      0.00      0.00      0.00
09:13:39 PM      eth0    812.00    707.00     70.07    771.35      0.00      0.00      0.00      0.00
09:13:40 PM      eth0    900.00    762.38     80.42    815.53      0.00      0.00      0.00      0.00
09:13:41 PM      eth0   1009.09    880.81     91.39    964.50      0.00      0.00      0.00      0.00
09:13:42 PM      eth0    904.04    816.16     82.93    896.58      0.00      0.00      0.00      0.00
09:13:43 PM      eth0   1038.61    900.99     92.51    944.33      0.00      0.00      0.00      0.00
09:13:44 PM      eth0   1045.00    901.00     95.42    994.79      0.00      0.00      0.00      0.00
09:13:45 PM      eth0   1086.73    946.94     97.67   1041.32      0.00      0.00      0.00      0.00
09:13:46 PM      eth0   1059.80    909.80     96.22    978.86      0.00      0.00      0.00      0.00
09:13:47 PM      eth0    966.67    834.34     87.47    904.63      0.00      0.00      0.00      0.00
09:13:48 PM      eth0    975.25    827.72     87.78    861.64      0.00      0.00      0.00      0.00
09:13:49 PM      eth0   1063.00    933.00     96.81   1030.97      0.00      0.00      0.00      0.00
09:13:50 PM      eth0    987.00    852.00     90.81    931.85      0.00      0.00      0.00      0.00
09:13:51 PM      eth0   1027.00    847.00     93.23    892.15      0.00      0.00      0.00      0.00
09:13:52 PM      eth0    944.00    783.00     86.61    891.37      0.00      0.00      0.00      0.00
09:13:53 PM      eth0    786.00    661.00     72.07    694.91      0.00      0.00      0.00      0.00
09:13:54 PM      eth0    830.00    694.00     75.53    727.73      0.00      0.00      0.00      0.00
09:13:55 PM      eth0    756.00    656.00     72.19    725.42      0.00      0.00      0.00      0.00
09:13:56 PM      eth0    684.00    586.00     63.81    616.14      0.00      0.00      0.00      0.00
09:13:57 PM      eth0    595.00    537.00     56.45    593.05      0.00      0.00      0.00      0.00
09:13:58 PM      eth0   1205.00    967.00     69.90    442.56      0.00      0.00      0.00      0.00
