08:57:59 PM      eth0      8.65      8.65      1.08      0.82      0.00      0.00      0.00      0.00
08:58:00 PM      eth0    142.86    123.47     10.42     85.80      0.00      0.00      0.00      0.00
08:58:01 PM      eth0    224.04    176.92     17.25    152.98      0.00      0.00      0.00      0.00
08:58:02 PM      eth0    219.23    180.77     17.57    176.05      0.00      0.00      0.00      0.00
08:58:03 PM      eth0    246.60    201.94     20.28    236.19      0.00      0.00      0.00      0.00
08:58:04 PM      eth0    353.40    273.79     29.06    294.30      0.00      0.00      0.00      0.00
08:58:05 PM      eth0    422.77    348.51     35.69    350.46      0.00      0.00      0.00      0.00
08:58:06 PM      eth0    396.04    309.90     32.93    357.11      0.00      0.00      0.00      0.00
08:58:07 PM      eth0    458.25    376.70     39.44    412.57      0.00      0.00      0.00      0.00
08:58:08 PM      eth0    525.49    436.27     45.83    496.18      0.00      0.00      0.00      0.00
08:58:09 PM      eth0    664.65    545.45     56.38    568.53      0.00      0.00      0.00      0.00
08:58:10 PM      eth0    722.45    597.96     63.02    658.80      0.00      0.00      0.00      0.00
08:58:11 PM      eth0    790.82    688.78     70.36    717.71      0.00      0.00      0.00      0.00
08:58:12 PM      eth0    651.85    549.07     57.75    609.78      0.00      0.00      0.00      0.00
08:58:13 PM      eth0    793.14    698.04     70.39    714.72      0.00      0.00      0.00      0.00
08:58:14 PM      eth0    781.37    707.84     72.72    759.97      0.00      0.00      0.00      0.00
08:58:15 PM      eth0    838.00    801.00     76.07    840.99      0.00      0.00      0.00      0.00
08:58:16 PM      eth0    929.29    876.77     84.10    920.65      0.00      0.00      0.00      0.00
08:58:17 PM      eth0    952.48    863.37     86.31    956.05      0.00      0.00      0.00      0.00
08:58:18 PM      eth0   1051.00    909.00     94.75    989.11      0.00      0.00      0.00      0.00
08:58:19 PM      eth0   1043.56    922.77     93.92    949.26      0.00      0.00      0.00      0.00
08:58:20 PM      eth0   1167.35    993.88    104.78   1102.84      0.00      0.00      0.00      0.00
08:58:21 PM      eth0   1091.09    924.75     98.14   1009.18      0.00      0.00      0.00      0.00
08:58:22 PM      eth0   1145.45    970.71    102.41   1074.40      0.00      0.00      0.00      0.00
08:58:23 PM      eth0   1076.24    969.31     99.15   1028.63      0.00      0.00      0.00      0.00
08:58:24 PM      eth0   1045.45    951.52     96.81   1029.56      0.00      0.00      0.00      0.00
08:58:25 PM      eth0   1011.00    853.00     93.23    918.94      0.00      0.00      0.00      0.00
08:58:26 PM      eth0    965.35    831.68     89.67    901.14      0.00      0.00      0.00      0.00
08:58:27 PM      eth0    757.00    694.00     75.29    742.66      0.00      0.00      0.00      0.00
08:58:28 PM      eth0    837.00    735.00     77.32    771.71      0.00      0.00      0.00      0.00
08:58:29 PM      eth0    794.00    702.00     73.51    757.12      0.00      0.00      0.00      0.00
08:58:30 PM      eth0    707.00    598.00     67.50    616.49      0.00      0.00      0.00      0.00
08:58:31 PM      eth0    658.59    554.55     62.10    592.09      0.00      0.00      0.00      0.00
08:58:32 PM      eth0    659.41    557.43     61.24    605.83      0.00      0.00      0.00      0.00
08:58:33 PM      eth0    565.66    460.61     53.34    495.73      0.00      0.00      0.00      0.00
08:58:34 PM      eth0    574.00    497.00     52.68    507.43      0.00      0.00      0.00      0.00
08:58:35 PM      eth0    601.98    530.69     57.01    583.97      0.00      0.00      0.00      0.00
08:58:36 PM      eth0   1498.99   1313.13     85.63    691.19      0.00      0.00      0.00      0.00
