09:01:32 PM      eth0      9.90      9.90      1.16      0.98      0.00      0.00      0.00      0.00
09:01:33 PM      eth0    102.02     86.87      7.43     60.41      0.00      0.00      0.00      0.00
09:01:34 PM      eth0    110.89     95.05      8.87     86.74      0.00      0.00      0.00      0.00
09:01:35 PM      eth0    138.38    116.16     11.17    103.30      0.00      0.00      0.00      0.00
09:01:36 PM      eth0    179.41    148.04     14.80    172.34      0.00      0.00      0.00      0.00
09:01:37 PM      eth0    153.47    134.65     13.05    156.71      0.00      0.00      0.00      0.00
09:01:38 PM      eth0    204.00    164.00     17.84    178.26      0.00      0.00      0.00      0.00
09:01:39 PM      eth0    245.45    191.92     20.84    220.12      0.00      0.00      0.00      0.00
09:01:40 PM      eth0    219.23    181.73     19.07    207.47      0.00      0.00      0.00      0.00
09:01:41 PM      eth0    212.87    181.19     18.75    216.97      0.00      0.00      0.00      0.00
09:01:42 PM      eth0    349.00    281.00     30.29    311.86      0.00      0.00      0.00      0.00
09:01:43 PM      eth0    363.21    294.34     31.67    350.09      0.00      0.00      0.00      0.00
09:01:44 PM      eth0    361.00    290.00     30.97    322.04      0.00      0.00      0.00      0.00
09:01:45 PM      eth0    362.14    276.70     32.04    304.39      0.00      0.00      0.00      0.00
09:01:46 PM      eth0    377.67    315.53     33.31    336.59      0.00      0.00      0.00      0.00
09:01:47 PM      eth0    427.00    374.00     38.95    416.70      0.00      0.00      0.00      0.00
09:01:48 PM      eth0    453.06    382.65     41.23    397.21      0.00      0.00      0.00      0.00
09:01:49 PM      eth0    500.00    414.85     44.73    490.86      0.00      0.00      0.00      0.00
09:01:50 PM      eth0    522.22    433.33     46.91    501.65      0.00      0.00      0.00      0.00
09:01:51 PM      eth0    519.63    442.99     47.31    505.53      0.00      0.00      0.00      0.00
09:01:52 PM      eth0    506.73    429.81     45.56    467.49      0.00      0.00      0.00      0.00
09:01:53 PM      eth0    600.00    530.69     54.78    571.93      0.00      0.00      0.00      0.00
09:01:54 PM      eth0    523.08    475.96     48.42    535.83      0.00      0.00      0.00      0.00
09:01:55 PM      eth0    592.16    532.35     54.68    590.39      0.00      0.00      0.00      0.00
09:01:56 PM      eth0    622.33    537.86     56.35    612.05      0.00      0.00      0.00      0.00
09:01:57 PM      eth0    739.39    635.35     67.23    664.01      0.00      0.00      0.00      0.00
09:01:58 PM      eth0    741.58    626.73     67.30    662.82      0.00      0.00      0.00      0.00
09:01:59 PM      eth0    797.94    655.67     70.29    741.54      0.00      0.00      0.00      0.00
09:02:00 PM      eth0    851.55    704.12     76.50    800.84      0.00      0.00      0.00      0.00
09:02:01 PM      eth0    809.90    642.57     71.24    694.03      0.00      0.00      0.00      0.00
09:02:02 PM      eth0    789.22    669.61     71.44    728.56      0.00      0.00      0.00      0.00
09:02:03 PM      eth0    943.43    774.75     83.51    833.74      0.00      0.00      0.00      0.00
09:02:04 PM      eth0    930.39    789.22     82.17    878.87      0.00      0.00      0.00      0.00
09:02:05 PM      eth0    917.82    767.33     82.91    838.85      0.00      0.00      0.00      0.00
09:02:06 PM      eth0    867.00    726.00     79.41    816.74      0.00      0.00      0.00      0.00
09:02:07 PM      eth0    791.00    678.00     74.66    719.53      0.00      0.00      0.00      0.00
09:02:08 PM      eth0    755.00    661.00     69.75    713.92      0.00      0.00      0.00      0.00
09:02:09 PM      eth0   1208.00    859.00     86.73    561.29      0.00      0.00      0.00      0.00
