09:19:26 PM      eth0     10.00     10.00      1.16      0.91      0.00      0.00      0.00      0.00
09:19:27 PM      eth0    120.79     96.04      8.57     66.10      0.00      0.00      0.00      0.00
09:19:28 PM      eth0    167.00    134.00     12.88    117.29      0.00      0.00      0.00      0.00
09:19:29 PM      eth0    165.35    133.66     13.39    133.56      0.00      0.00      0.00      0.00
09:19:30 PM      eth0    208.82    174.51     17.24    201.53      0.00      0.00      0.00      0.00
09:19:31 PM      eth0    228.28    173.74     18.31    187.99      0.00      0.00      0.00      0.00
09:19:32 PM      eth0    274.00    218.00     23.85    243.98      0.00      0.00      0.00      0.00
09:19:33 PM      eth0    284.00    230.00     24.01    243.78      0.00      0.00      0.00      0.00
09:19:34 PM      eth0    333.67    273.47     28.30    313.86      0.00      0.00      0.00      0.00
09:19:35 PM      eth0    355.10    290.82     30.78    320.98      0.00      0.00      0.00      0.00
09:19:36 PM      eth0    431.68    350.50     37.92    402.48      0.00      0.00      0.00      0.00
09:19:37 PM      eth0    397.22    353.70     35.70    404.60      0.00      0.00      0.00      0.00
09:19:38 PM      eth0    379.81    344.23     35.25    392.04      0.00      0.00      0.00      0.00
09:19:39 PM      eth0    434.65    374.26     39.95    397.64      0.00      0.00      0.00      0.00
09:19:40 PM      eth0    553.54    498.99     49.83    545.18      0.00      0.00      0.00      0.00
09:19:41 PM      eth0    617.48    520.39     55.44    553.04      0.00      0.00      0.00      0.00
09:19:42 PM      eth0    590.00    526.00     52.64    567.90      0.00      0.00      0.00      0.00
09:19:43 PM      eth0    625.00    568.00     57.16    611.59      0.00      0.00      0.00      0.00
09:19:44 PM      eth0    646.46    615.15     59.33    655.10      0.00      0.00      0.00      0.00
09:19:45 PM      eth0    663.64    590.91     60.81    660.97      0.00      0.00      0.00      0.00
09:19:46 PM      eth0    711.76    627.45     64.75    667.59      0.00      0.00      0.00      0.00
09:19:47 PM      eth0    826.67    682.86     72.50    743.65      0.00      0.00      0.00      0.00
09:19:48 PM      eth0    809.00    721.00     73.73    775.08      0.00      0.00      0.00      0.00
09:19:49 PM      eth0    891.43    760.95     79.64    830.36      0.00      0.00      0.00      0.00
09:19:50 PM      eth0    863.73    770.59     78.82    831.86      0.00      0.00      0.00      0.00
09:19:51 PM      eth0    956.57    827.27     87.57    912.49      0.00      0.00      0.00      0.00
09:19:52 PM      eth0    873.74    771.72     78.05    841.01      0.00      0.00      0.00      0.00
09:19:53 PM      eth0    963.00    847.00     87.36    912.36      0.00      0.00      0.00      0.00
09:19:54 PM      eth0    924.75    818.81     86.27    876.31      0.00      0.00      0.00      0.00
09:19:55 PM      eth0    940.00    833.00     86.44    903.74      0.00      0.00      0.00      0.00
09:19:56 PM      eth0    980.00    870.00     91.23    935.20      0.00      0.00      0.00      0.00
09:19:57 PM      eth0    990.00    874.00     90.05    964.48      0.00      0.00      0.00      0.00
09:19:58 PM      eth0    898.99    816.16     84.32    873.06      0.00      0.00      0.00      0.00
09:19:59 PM      eth0    853.47    749.50     80.16    818.27      0.00      0.00      0.00      0.00
09:20:00 PM      eth0    909.80    781.37     83.42    820.64      0.00      0.00      0.00      0.00
09:20:01 PM      eth0    873.00    711.00     77.46    788.51      0.00      0.00      0.00      0.00
09:20:02 PM      eth0    812.12    693.94     75.40    764.55      0.00      0.00      0.00      0.00
09:20:03 PM      eth0   1063.37    760.40     69.88    342.24      0.00      0.00      0.00      0.00
