09:18:42 PM      eth0      9.00      9.00      1.12      0.86      0.00      0.00      0.00      0.00
09:18:43 PM      eth0    116.16     96.97      8.41     67.38      0.00      0.00      0.00      0.00
09:18:44 PM      eth0    172.73    138.38     13.19    118.63      0.00      0.00      0.00      0.00
09:18:45 PM      eth0    173.74    137.37     13.90    136.31      0.00      0.00      0.00      0.00
09:18:46 PM      eth0    230.69    175.25     18.42    203.46      0.00      0.00      0.00      0.00
09:18:47 PM      eth0    218.81    171.29     17.67    184.32      0.00      0.00      0.00      0.00
09:18:48 PM      eth0    273.00    217.00     23.79    243.90      0.00      0.00      0.00      0.00
09:18:49 PM      eth0    292.08    227.72     24.35    241.38      0.00      0.00      0.00      0.00
09:18:50 PM      eth0    360.82    279.38     29.89    320.93      0.00      0.00      0.00      0.00
09:18:51 PM      eth0    363.37    279.21     30.75    307.76      0.00      0.00      0.00      0.00
09:18:52 PM      eth0    400.00    316.81     34.71    359.96      0.00      0.00      0.00      0.00
09:18:53 PM      eth0    453.33    364.76     38.90    416.22      0.00      0.00      0.00      0.00
09:18:54 PM      eth0    402.86    342.86     36.27    388.43      0.00      0.00      0.00      0.00
09:18:55 PM      eth0    451.46    366.99     40.46    389.92      0.00      0.00      0.00      0.00
09:18:56 PM      eth0    586.00    497.00     51.34    541.47      0.00      0.00      0.00      0.00
09:18:57 PM      eth0    606.93    528.71     55.47    562.42      0.00      0.00      0.00      0.00
09:18:58 PM      eth0    608.00    520.00     53.33    567.45      0.00      0.00      0.00      0.00
09:18:59 PM      eth0    665.00    565.00     59.48    611.70      0.00      0.00      0.00      0.00
09:19:00 PM      eth0    666.00    596.00     59.79    646.16      0.00      0.00      0.00      0.00
09:19:01 PM      eth0    719.80    579.21     63.11    649.18      0.00      0.00      0.00      0.00
09:19:02 PM      eth0    765.69    623.53     67.58    664.83      0.00      0.00      0.00      0.00
09:19:03 PM      eth0    828.70    657.41     71.83    719.46      0.00      0.00      0.00      0.00
09:19:04 PM      eth0    867.68    723.23     76.75    774.63      0.00      0.00      0.00      0.00
09:19:05 PM      eth0    962.86    757.14     83.15    835.25      0.00      0.00      0.00      0.00
09:19:06 PM      eth0    989.90    784.85     86.47    854.83      0.00      0.00      0.00      0.00
09:19:07 PM      eth0   1040.00    836.00     90.86    916.81      0.00      0.00      0.00      0.00
09:19:08 PM      eth0    930.00    756.00     80.56    823.54      0.00      0.00      0.00      0.00
09:19:09 PM      eth0   1030.00    835.00     90.77    895.75      0.00      0.00      0.00      0.00
09:19:10 PM      eth0    938.00    807.00     86.69    869.65      0.00      0.00      0.00      0.00
09:19:11 PM      eth0    978.00    844.00     88.63    915.71      0.00      0.00      0.00      0.00
09:19:12 PM      eth0    998.02    869.31     91.89    928.25      0.00      0.00      0.00      0.00
09:19:13 PM      eth0    972.00    834.00     88.44    923.53      0.00      0.00      0.00      0.00
09:19:14 PM      eth0    895.00    808.00     82.32    856.33      0.00      0.00      0.00      0.00
09:19:15 PM      eth0    840.40    745.45     79.24    802.93      0.00      0.00      0.00      0.00
09:19:16 PM      eth0    909.00    795.00     82.90    861.80      0.00      0.00      0.00      0.00
09:19:17 PM      eth0    775.25    700.99     73.44    760.72      0.00      0.00      0.00      0.00
09:19:18 PM      eth0    747.00    679.00     71.80    755.13      0.00      0.00      0.00      0.00
09:19:19 PM      eth0   1036.36    764.65     66.13    329.37      0.00      0.00      0.00      0.00
