08:58:50 PM      eth0      9.00      9.00      1.12      0.86      0.00      0.00      0.00      0.00
08:58:51 PM      eth0    137.00    117.00      9.97     81.47      0.00      0.00      0.00      0.00
08:58:52 PM      eth0    227.45    178.43     17.37    149.59      0.00      0.00      0.00      0.00
08:58:53 PM      eth0    224.04    180.77     17.82    179.73      0.00      0.00      0.00      0.00
08:58:54 PM      eth0    246.53    207.92     20.49    240.82      0.00      0.00      0.00      0.00
08:58:55 PM      eth0    348.51    279.21     28.89    302.84      0.00      0.00      0.00      0.00
08:58:56 PM      eth0    423.76    334.65     35.48    336.08      0.00      0.00      0.00      0.00
08:58:57 PM      eth0    409.71    310.68     33.44    354.20      0.00      0.00      0.00      0.00
08:58:58 PM      eth0    464.42    369.23     39.15    406.27      0.00      0.00      0.00      0.00
08:58:59 PM      eth0    530.19    431.13     45.83    484.95      0.00      0.00      0.00      0.00
08:59:00 PM      eth0    660.61    530.30     55.75    553.43      0.00      0.00      0.00      0.00
08:59:01 PM      eth0    724.76    554.29     60.92    603.46      0.00      0.00      0.00      0.00
08:59:02 PM      eth0    860.00    697.00     74.05    723.01      0.00      0.00      0.00      0.00
08:59:03 PM      eth0    730.00    585.00     63.09    642.02      0.00      0.00      0.00      0.00
08:59:04 PM      eth0    869.00    716.00     74.33    731.02      0.00      0.00      0.00      0.00
08:59:05 PM      eth0    914.00    732.00     80.47    783.91      0.00      0.00      0.00      0.00
08:59:06 PM      eth0    954.00    795.00     81.89    839.67      0.00      0.00      0.00      0.00
08:59:07 PM      eth0   1087.88    891.92     92.12    931.72      0.00      0.00      0.00      0.00
08:59:08 PM      eth0   1018.81    830.69     89.46    917.10      0.00      0.00      0.00      0.00
08:59:09 PM      eth0   1095.00    927.00     97.18   1002.38      0.00      0.00      0.00      0.00
08:59:10 PM      eth0   1090.91    906.06     96.08    932.65      0.00      0.00      0.00      0.00
08:59:11 PM      eth0   1128.71    968.32    100.89   1073.27      0.00      0.00      0.00      0.00
08:59:12 PM      eth0   1090.00    928.00     99.41   1029.43      0.00      0.00      0.00      0.00
08:59:13 PM      eth0   1135.35    971.72    101.33   1085.16      0.00      0.00      0.00      0.00
08:59:14 PM      eth0   1130.69    936.63    100.85    999.86      0.00      0.00      0.00      0.00
08:59:15 PM      eth0   1027.00    909.00     93.96    983.07      0.00      0.00      0.00      0.00
08:59:16 PM      eth0    997.00    849.00     93.85    903.63      0.00      0.00      0.00      0.00
08:59:17 PM      eth0    888.12    748.51     82.91    828.28      0.00      0.00      0.00      0.00
08:59:18 PM      eth0    792.93    677.78     74.41    732.67      0.00      0.00      0.00      0.00
08:59:19 PM      eth0    808.00    704.00     75.21    752.16      0.00      0.00      0.00      0.00
08:59:20 PM      eth0    825.25    685.86     76.24    759.88      0.00      0.00      0.00      0.00
08:59:21 PM      eth0    838.61    700.00     75.06    731.56      0.00      0.00      0.00      0.00
08:59:22 PM      eth0    665.35    551.49     62.55    573.54      0.00      0.00      0.00      0.00
08:59:23 PM      eth0    678.79    571.72     61.23    617.34      0.00      0.00      0.00      0.00
08:59:24 PM      eth0    672.73    567.68     63.11    593.53      0.00      0.00      0.00      0.00
08:59:25 PM      eth0    636.63    527.72     59.84    573.39      0.00      0.00      0.00      0.00
08:59:26 PM      eth0    603.00    512.00     57.55    564.29      0.00      0.00      0.00      0.00
08:59:27 PM      eth0   1371.29   1185.15     78.76    603.62      0.00      0.00      0.00      0.00
