09:08:26 PM      eth0     14.00     14.00      1.48      1.35      0.00      0.00      0.00      0.00
09:08:27 PM      eth0     20.00     18.00      1.46     12.12      0.00      0.00      0.00      0.00
09:08:28 PM      eth0     46.08     37.25      3.53     35.42      0.00      0.00      0.00      0.00
09:08:29 PM      eth0     59.00     47.00      4.65     41.92      0.00      0.00      0.00      0.00
09:08:30 PM      eth0     82.83     63.64      6.68     63.19      0.00      0.00      0.00      0.00
09:08:31 PM      eth0     63.37     50.50      5.32     69.62      0.00      0.00      0.00      0.00
09:08:32 PM      eth0     48.51     39.60      3.94     41.36      0.00      0.00      0.00      0.00
09:08:33 PM      eth0     78.79     59.60      6.10     65.09      0.00      0.00      0.00      0.00
09:08:34 PM      eth0     63.37     49.50      5.39     56.11      0.00      0.00      0.00      0.00
09:08:35 PM      eth0    127.00     94.00     10.53     96.86      0.00      0.00      0.00      0.00
09:08:36 PM      eth0    131.63     98.98     10.93    102.10      0.00      0.00      0.00      0.00
09:08:37 PM      eth0    138.00    110.00     11.86    140.57      0.00      0.00      0.00      0.00
09:08:38 PM      eth0    117.48     95.15     10.55    117.64      0.00      0.00      0.00      0.00
09:08:39 PM      eth0    124.75     97.03     10.97    116.98      0.00      0.00      0.00      0.00
09:08:40 PM      eth0    150.00    113.21     13.19    137.83      0.00      0.00      0.00      0.00
09:08:41 PM      eth0    121.57     87.25     10.77    113.75      0.00      0.00      0.00      0.00
09:08:42 PM      eth0    149.00    119.00     13.36    131.14      0.00      0.00      0.00      0.00
09:08:43 PM      eth0    139.00    116.00     13.14    144.81      0.00      0.00      0.00      0.00
09:08:44 PM      eth0    119.61    103.92     11.66    130.69      0.00      0.00      0.00      0.00
09:08:45 PM      eth0    145.45    125.25     13.17    147.02      0.00      0.00      0.00      0.00
09:08:46 PM      eth0    136.63    115.84     12.67    144.35      0.00      0.00      0.00      0.00
09:08:47 PM      eth0    140.82    122.45     13.38    136.27      0.00      0.00      0.00      0.00
09:08:48 PM      eth0    170.30    139.60     15.20    154.63      0.00      0.00      0.00      0.00
09:08:49 PM      eth0    166.67    134.29     15.18    155.18      0.00      0.00      0.00      0.00
09:08:50 PM      eth0    183.50    157.28     16.64    189.16      0.00      0.00      0.00      0.00
09:08:51 PM      eth0    175.25    137.62     16.07    175.59      0.00      0.00      0.00      0.00
09:08:52 PM      eth0    180.39    148.04     16.38    172.75      0.00      0.00      0.00      0.00
09:08:53 PM      eth0    188.00    165.00     17.99    201.62      0.00      0.00      0.00      0.00
09:08:54 PM      eth0    198.06    162.14     18.27    176.92      0.00      0.00      0.00      0.00
09:08:55 PM      eth0    246.00    197.00     22.20    211.28      0.00      0.00      0.00      0.00
09:08:56 PM      eth0    191.92    165.66     18.56    195.26      0.00      0.00      0.00      0.00
09:08:57 PM      eth0    235.64    192.08     21.54    221.50      0.00      0.00      0.00      0.00
09:08:58 PM      eth0    203.00    175.00     19.13    200.72      0.00      0.00      0.00      0.00
09:08:59 PM      eth0    234.95    195.15     21.47    221.91      0.00      0.00      0.00      0.00
09:09:00 PM      eth0    207.69    166.35     19.22    186.75      0.00      0.00      0.00      0.00
09:09:01 PM      eth0    224.04    180.77     20.42    210.94      0.00      0.00      0.00      0.00
09:09:02 PM      eth0    234.62    199.04     21.37    235.27      0.00      0.00      0.00      0.00
09:09:03 PM      eth0    332.69    217.31     26.59    152.51      0.00      0.00      0.00      0.00
