08:59:34 PM      eth0      7.00      5.00      0.46      0.37      0.00      0.00      0.00      0.00
08:59:35 PM      eth0     18.00     18.00      1.05      0.95      0.00      0.00      0.00      0.00
08:59:36 PM      eth0     12.12     12.12      0.71      0.64      0.00      0.00      0.00      0.00
08:59:37 PM      eth0     12.87     12.87      0.75      0.68      0.00      0.00      0.00      0.00
08:59:38 PM      eth0      8.08      8.08      0.47      0.43      0.00      0.00      0.00      0.00
08:59:39 PM      eth0      9.00      9.00      0.51      0.47      0.00      0.00      0.00      0.00
08:59:40 PM      eth0     11.00     11.00      0.62      0.58      0.00      0.00      0.00      0.00
08:59:41 PM      eth0      8.08      7.07      0.45      0.37      0.00      0.00      0.00      0.00
08:59:42 PM      eth0      8.91      8.91      0.52      0.47      0.00      0.00      0.00      0.00
08:59:43 PM      eth0     10.00     10.00      0.59      0.53      0.00      0.00      0.00      0.00
08:59:44 PM      eth0     13.13     13.13      0.77      0.69      0.00      0.00      0.00      0.00
08:59:45 PM      eth0     11.00     11.00      0.64      0.58      0.00      0.00      0.00      0.00
08:59:46 PM      eth0     15.00     15.00      0.86      0.79      0.00      0.00      0.00      0.00
08:59:47 PM      eth0      5.05      5.05      0.30      0.27      0.00      0.00      0.00      0.00
08:59:48 PM      eth0     13.86     13.86      0.81      0.73      0.00      0.00      0.00      0.00
08:59:49 PM      eth0      9.00      9.00      0.53      0.47      0.00      0.00      0.00      0.00
08:59:50 PM      eth0      8.08      8.08      0.47      0.43      0.00      0.00      0.00      0.00
08:59:51 PM      eth0      8.00      8.00      0.47      0.42      0.00      0.00      0.00      0.00
08:59:52 PM      eth0      6.93      6.93      0.41      0.37      0.00      0.00      0.00      0.00
08:59:53 PM      eth0     12.12     12.12      0.71      0.64      0.00      0.00      0.00      0.00
08:59:54 PM      eth0     12.87     12.87      0.75      0.68      0.00      0.00      0.00      0.00
08:59:55 PM      eth0     17.00     17.00      1.00      0.90      0.00      0.00      0.00      0.00
08:59:56 PM      eth0      9.09      9.09      0.52      0.48      0.00      0.00      0.00      0.00
08:59:57 PM      eth0     16.00     16.00      0.94      0.84      0.00      0.00      0.00      0.00
08:59:58 PM      eth0      8.08      8.08      0.47      0.43      0.00      0.00      0.00      0.00
08:59:59 PM      eth0      9.90      9.90      0.58      0.52      0.00      0.00      0.00      0.00
09:00:00 PM      eth0     13.86     13.86      0.81      0.73      0.00      0.00      0.00      0.00
09:00:01 PM      eth0     16.16     15.15      0.91      0.80      0.00      0.00      0.00      0.00
09:00:02 PM      eth0      7.92      7.92      0.46      0.42      0.00      0.00      0.00      0.00
09:00:03 PM      eth0      9.90      9.90      0.58      0.52      0.00      0.00      0.00      0.00
09:00:04 PM      eth0     12.62     12.62      0.74      0.67      0.00      0.00      0.00      0.00
09:00:05 PM      eth0     14.00     14.00      0.80      0.74      0.00      0.00      0.00      0.00
09:00:06 PM      eth0     11.11     11.11      0.65      0.59      0.00      0.00      0.00      0.00
09:00:07 PM      eth0     24.24     23.23      4.36      3.54      0.00      0.00      0.00      0.00
