09:15:44 PM      eth0      9.00      9.00      1.12      0.86      0.00      0.00      0.00      0.00
09:15:45 PM      eth0    113.86     97.03      8.33     65.01      0.00      0.00      0.00      0.00
09:15:46 PM      eth0    187.13    154.46     14.44    129.09      0.00      0.00      0.00      0.00
09:15:47 PM      eth0    188.24    150.00     15.19    159.27      0.00      0.00      0.00      0.00
09:15:48 PM      eth0    241.18    198.04     19.51    208.71      0.00      0.00      0.00      0.00
09:15:49 PM      eth0    240.40    207.07     20.39    246.09      0.00      0.00      0.00      0.00
09:15:50 PM      eth0    354.46    297.03     30.48    294.52      0.00      0.00      0.00      0.00
09:15:51 PM      eth0    372.28    285.15     30.41    307.40      0.00      0.00      0.00      0.00
09:15:52 PM      eth0    374.49    286.73     31.52    335.08      0.00      0.00      0.00      0.00
09:15:53 PM      eth0    469.61    377.45     40.00    413.96      0.00      0.00      0.00      0.00
09:15:54 PM      eth0    477.14    407.62     42.81    468.49      0.00      0.00      0.00      0.00
09:15:55 PM      eth0    459.22    416.50     41.78    470.53      0.00      0.00      0.00      0.00
09:15:56 PM      eth0    522.33    467.96     47.54    501.76      0.00      0.00      0.00      0.00
09:15:57 PM      eth0    606.60    566.98     55.92    584.87      0.00      0.00      0.00      0.00
09:15:58 PM      eth0    669.00    613.00     60.54    656.00      0.00      0.00      0.00      0.00
09:15:59 PM      eth0    641.90    557.14     57.30    606.88      0.00      0.00      0.00      0.00
09:16:00 PM      eth0    764.00    622.00     66.71    673.89      0.00      0.00      0.00      0.00
09:16:01 PM      eth0    932.00    774.00     82.55    798.31      0.00      0.00      0.00      0.00
09:16:02 PM      eth0    808.08    696.97     69.63    775.95      0.00      0.00      0.00      0.00
09:16:03 PM      eth0    941.84    797.96     84.08    854.15      0.00      0.00      0.00      0.00
09:16:04 PM      eth0   1030.10    843.69     89.53    924.06      0.00      0.00      0.00      0.00
09:16:05 PM      eth0    952.53    793.94     86.33    874.77      0.00      0.00      0.00      0.00
09:16:06 PM      eth0    995.05    858.42     87.41    902.47      0.00      0.00      0.00      0.00
09:16:07 PM      eth0   1083.00    908.00     97.28    989.19      0.00      0.00      0.00      0.00
09:16:08 PM      eth0   1116.83    941.58     98.54   1055.62      0.00      0.00      0.00      0.00
09:16:09 PM      eth0   1127.55    938.78    102.39   1006.66      0.00      0.00      0.00      0.00
09:16:10 PM      eth0    992.08    850.50     89.64    914.98      0.00      0.00      0.00      0.00
09:16:11 PM      eth0    949.00    810.00     85.87    848.97      0.00      0.00      0.00      0.00
09:16:12 PM      eth0   1018.00    897.00     93.85   1002.00      0.00      0.00      0.00      0.00
09:16:13 PM      eth0   1001.01    918.18     90.99    984.28      0.00      0.00      0.00      0.00
09:16:14 PM      eth0    938.61    815.84     89.12    847.20      0.00      0.00      0.00      0.00
09:16:15 PM      eth0    894.00    770.00     83.20    883.07      0.00      0.00      0.00      0.00
09:16:16 PM      eth0    789.00    697.00     73.89    735.34      0.00      0.00      0.00      0.00
09:16:17 PM      eth0    855.00    720.00     79.40    758.21      0.00      0.00      0.00      0.00
09:16:18 PM      eth0    780.00    682.00     71.82    747.74      0.00      0.00      0.00      0.00
09:16:19 PM      eth0    713.00    607.00     66.82    653.78      0.00      0.00      0.00      0.00
09:16:20 PM      eth0    524.00    473.00     51.35    514.09      0.00      0.00      0.00      0.00
09:16:21 PM      eth0   1268.69    992.93     75.88    488.38      0.00      0.00      0.00      0.00
