09:07:03 PM      eth0      9.09      9.09      1.14      0.86      0.00      0.00      0.00      0.00
09:07:04 PM      eth0     27.00     22.00      1.92     12.55      0.00      0.00      0.00      0.00
09:07:05 PM      eth0     42.00     35.00      3.17     32.19      0.00      0.00      0.00      0.00
09:07:06 PM      eth0     53.00     40.00      4.25     38.96      0.00      0.00      0.00      0.00
09:07:07 PM      eth0     81.00     63.00      6.40     54.99      0.00      0.00      0.00      0.00
09:07:08 PM      eth0     65.00     51.00      5.42     69.79      0.00      0.00      0.00      0.00
09:07:09 PM      eth0     50.50     41.58      4.20     47.70      0.00      0.00      0.00      0.00
09:07:10 PM      eth0     66.33     53.06      5.33     57.79      0.00      0.00      0.00      0.00
09:07:11 PM      eth0     67.33     53.47      5.53     60.03      0.00      0.00      0.00      0.00
09:07:12 PM      eth0    121.00     92.00     10.40    100.64      0.00      0.00      0.00      0.00
09:07:13 PM      eth0    101.98     83.17      8.60     85.18      0.00      0.00      0.00      0.00
09:07:14 PM      eth0    150.96    118.27     12.67    139.09      0.00      0.00      0.00      0.00
09:07:15 PM      eth0    119.00     92.00     10.33    114.48      0.00      0.00      0.00      0.00
09:07:16 PM      eth0    133.33    105.88     12.11    129.26      0.00      0.00      0.00      0.00
09:07:17 PM      eth0    142.72    111.65     12.54    133.26      0.00      0.00      0.00      0.00
09:07:18 PM      eth0    135.35    100.00     12.05    128.84      0.00      0.00      0.00      0.00
09:07:19 PM      eth0    154.08    117.35     13.72    131.88      0.00      0.00      0.00      0.00
09:07:20 PM      eth0    140.00    110.00     12.73    137.52      0.00      0.00      0.00      0.00
09:07:21 PM      eth0    117.00    103.00     11.35    126.03      0.00      0.00      0.00      0.00
09:07:22 PM      eth0    154.55    122.22     13.63    148.58      0.00      0.00      0.00      0.00
09:07:23 PM      eth0    159.18    127.55     14.25    152.47      0.00      0.00      0.00      0.00
09:07:24 PM      eth0    145.10    117.65     13.62    134.56      0.00      0.00      0.00      0.00
09:07:25 PM      eth0    154.90    130.39     13.61    144.49      0.00      0.00      0.00      0.00
09:07:26 PM      eth0    190.20    147.06     17.14    167.40      0.00      0.00      0.00      0.00
09:07:27 PM      eth0    193.07    150.50     17.09    183.18      0.00      0.00      0.00      0.00
09:07:28 PM      eth0    166.67    138.24     15.19    170.53      0.00      0.00      0.00      0.00
09:07:29 PM      eth0    214.14    165.66     18.90    191.50      0.00      0.00      0.00      0.00
09:07:30 PM      eth0    191.18    161.76     17.81    195.60      0.00      0.00      0.00      0.00
09:07:31 PM      eth0    201.01    153.54     18.10    173.02      0.00      0.00      0.00      0.00
09:07:32 PM      eth0    241.18    195.10     22.36    212.00      0.00      0.00      0.00      0.00
09:07:33 PM      eth0    204.04    170.71     19.06    188.43      0.00      0.00      0.00      0.00
09:07:34 PM      eth0    207.84    190.20     19.63    218.60      0.00      0.00      0.00      0.00
09:07:35 PM      eth0    202.94    171.57     19.07    203.35      0.00      0.00      0.00      0.00
09:07:36 PM      eth0    198.08    175.96     18.83    199.66      0.00      0.00      0.00      0.00
09:07:37 PM      eth0    214.85    182.18     20.51    202.47      0.00      0.00      0.00      0.00
09:07:38 PM      eth0    226.67    186.67     20.34    213.17      0.00      0.00      0.00      0.00
09:07:39 PM      eth0    228.43    186.27     21.06    228.45      0.00      0.00      0.00      0.00
09:07:40 PM      eth0    377.78    250.51     29.77    197.48      0.00      0.00      0.00      0.00
