09:14:09 PM      eth0      8.74      8.74      1.09      0.83      0.00      0.00      0.00      0.00
09:14:10 PM      eth0    117.82    100.99      8.61     67.41      0.00      0.00      0.00      0.00
09:14:11 PM      eth0    192.08    157.43     14.76    130.17      0.00      0.00      0.00      0.00
09:14:12 PM      eth0    205.05    161.62     16.31    168.01      0.00      0.00      0.00      0.00
09:14:13 PM      eth0    245.92    204.08     20.23    222.82      0.00      0.00      0.00      0.00
09:14:14 PM      eth0    222.77    199.01     19.38    234.07      0.00      0.00      0.00      0.00
09:14:15 PM      eth0    335.64    299.01     29.38    297.24      0.00      0.00      0.00      0.00
09:14:16 PM      eth0    347.57    286.41     29.48    319.05      0.00      0.00      0.00      0.00
09:14:17 PM      eth0    332.67    271.29     28.80    311.28      0.00      0.00      0.00      0.00
09:14:18 PM      eth0    453.00    391.00     39.84    428.39      0.00      0.00      0.00      0.00
09:14:19 PM      eth0    493.27    404.81     43.70    467.28      0.00      0.00      0.00      0.00
09:14:20 PM      eth0    499.05    413.33     43.43    466.88      0.00      0.00      0.00      0.00
09:14:21 PM      eth0    582.69    472.12     50.74    504.03      0.00      0.00      0.00      0.00
09:14:22 PM      eth0    669.31    595.05     59.91    613.50      0.00      0.00      0.00      0.00
09:14:23 PM      eth0    665.38    585.58     59.71    628.17      0.00      0.00      0.00      0.00
09:14:24 PM      eth0    606.93    576.24     56.47    630.71      0.00      0.00      0.00      0.00
09:14:25 PM      eth0    675.00    620.00     62.47    668.16      0.00      0.00      0.00      0.00
09:14:26 PM      eth0    860.00    787.00     78.68    814.94      0.00      0.00      0.00      0.00
09:14:27 PM      eth0    789.90    711.11     69.45    788.93      0.00      0.00      0.00      0.00
09:14:28 PM      eth0    943.00    778.00     82.75    828.55      0.00      0.00      0.00      0.00
09:14:29 PM      eth0   1029.29    874.75     92.19    975.18      0.00      0.00      0.00      0.00
09:14:30 PM      eth0    898.99    812.12     82.65    873.90      0.00      0.00      0.00      0.00
09:14:31 PM      eth0    916.00    866.00     84.16    901.56      0.00      0.00      0.00      0.00
09:14:32 PM      eth0   1059.22    910.68     96.27   1023.14      0.00      0.00      0.00      0.00
09:14:33 PM      eth0   1042.00    923.00     94.74   1002.37      0.00      0.00      0.00      0.00
09:14:34 PM      eth0   1024.75    920.79     94.83    991.42      0.00      0.00      0.00      0.00
09:14:35 PM      eth0   1003.03    838.38     91.13    913.07      0.00      0.00      0.00      0.00
09:14:36 PM      eth0    976.77    848.48     86.99    880.07      0.00      0.00      0.00      0.00
09:14:37 PM      eth0   1042.00    919.00     95.84   1012.56      0.00      0.00      0.00      0.00
09:14:38 PM      eth0    975.25    872.28     90.38    946.11      0.00      0.00      0.00      0.00
09:14:39 PM      eth0    964.00    850.00     90.72    878.04      0.00      0.00      0.00      0.00
09:14:40 PM      eth0    903.00    809.00     84.90    917.67      0.00      0.00      0.00      0.00
09:14:41 PM      eth0    767.00    684.00     72.08    722.53      0.00      0.00      0.00      0.00
09:14:42 PM      eth0    878.22    768.32     82.22    821.60      0.00      0.00      0.00      0.00
09:14:43 PM      eth0    727.27    643.43     68.45    704.73      0.00      0.00      0.00      0.00
09:14:44 PM      eth0    647.00    579.00     62.50    610.43      0.00      0.00      0.00      0.00
09:14:45 PM      eth0    549.00    511.00     54.40    556.73      0.00      0.00      0.00      0.00
09:14:46 PM      eth0   1240.40   1048.48     73.99    502.79      0.00      0.00      0.00      0.00
