09:12:38 PM      eth0     10.00     10.00      1.17      0.91      0.00      0.00      0.00      0.00
09:12:39 PM      eth0     10.00      8.00      0.70      3.04      0.00      0.00      0.00      0.00
09:12:40 PM      eth0     24.00     20.00      1.83     19.27      0.00      0.00      0.00      0.00
09:12:41 PM      eth0     24.24     20.20      2.10     21.74      0.00      0.00      0.00      0.00
09:12:42 PM      eth0     32.00     26.00      2.30     17.27      0.00      0.00      0.00      0.00
09:12:43 PM      eth0     52.00     43.00      4.45     48.17      0.00      0.00      0.00      0.00
09:12:44 PM      eth0     40.00     31.00      3.32     40.83      0.00      0.00      0.00      0.00
09:12:45 PM      eth0     68.69     57.58      5.58     62.90      0.00      0.00      0.00      0.00
09:12:46 PM      eth0     35.00     26.00      2.99     32.13      0.00      0.00      0.00      0.00
09:12:47 PM      eth0     17.00     14.00      1.45     14.28      0.00      0.00      0.00      0.00
09:12:48 PM      eth0     62.38     51.49      5.37     65.84      0.00      0.00      0.00      0.00
09:12:49 PM      eth0     58.00     42.00      4.75     48.48      0.00      0.00      0.00      0.00
09:12:50 PM      eth0     62.00     49.00      5.58     57.60      0.00      0.00      0.00      0.00
09:12:51 PM      eth0     57.00     52.00      5.07     54.67      0.00      0.00      0.00      0.00
09:12:52 PM      eth0     80.39     66.67      6.88     80.68      0.00      0.00      0.00      0.00
09:12:53 PM      eth0     95.05     78.22      8.69     86.17      0.00      0.00      0.00      0.00
09:12:54 PM      eth0     66.67     60.61      6.60     70.55      0.00      0.00      0.00      0.00
09:12:55 PM      eth0     77.00     65.00      6.96     73.24      0.00      0.00      0.00      0.00
09:12:56 PM      eth0     89.11     83.17      8.56     84.06      0.00      0.00      0.00      0.00
09:12:57 PM      eth0     98.06     91.26      9.64    114.68      0.00      0.00      0.00      0.00
09:12:58 PM      eth0     75.49     70.59      6.83     84.13      0.00      0.00      0.00      0.00
09:12:59 PM      eth0    117.00    110.00     10.95    128.58      0.00      0.00      0.00      0.00
09:13:00 PM      eth0    111.76     91.18     10.40    112.37      0.00      0.00      0.00      0.00
09:13:01 PM      eth0    116.67     92.16     10.96    114.35      0.00      0.00      0.00      0.00
09:13:02 PM      eth0     98.00     77.00      8.88     83.16      0.00      0.00      0.00      0.00
09:13:03 PM      eth0     97.03     75.25      9.00     96.32      0.00      0.00      0.00      0.00
09:13:04 PM      eth0     90.91     82.83      8.85     99.15      0.00      0.00      0.00      0.00
09:13:05 PM      eth0    110.89     86.14      9.89    114.57      0.00      0.00      0.00      0.00
09:13:06 PM      eth0    123.00     98.00     11.20    120.62      0.00      0.00      0.00      0.00
09:13:07 PM      eth0    117.48     98.06     11.00    125.41      0.00      0.00      0.00      0.00
09:13:08 PM      eth0     98.11     80.19      8.94     94.03      0.00      0.00      0.00      0.00
09:13:09 PM      eth0    119.05     95.24     10.97    117.81      0.00      0.00      0.00      0.00
09:13:10 PM      eth0    100.00     83.33      9.40     91.61      0.00      0.00      0.00      0.00
09:13:11 PM      eth0    103.96     88.12      9.61    108.41      0.00      0.00      0.00      0.00
09:13:12 PM      eth0    131.00    112.00     12.95    133.54      0.00      0.00      0.00      0.00
09:13:13 PM      eth0    114.43    102.06     10.96    110.98      0.00      0.00      0.00      0.00
09:13:14 PM      eth0    103.00     86.00     10.11    107.54      0.00      0.00      0.00      0.00
09:13:15 PM      eth0     87.88     84.85      9.04     96.62      0.00      0.00      0.00      0.00
09:13:16 PM      eth0    115.15     98.99     11.08    113.54      0.00      0.00      0.00      0.00
