09:11:13 PM      eth0     10.00     10.00      1.18      0.99      0.00      0.00      0.00      0.00
09:11:14 PM      eth0     11.00      9.00      0.73      3.09      0.00      0.00      0.00      0.00
09:11:15 PM      eth0     23.00     20.00      1.78     19.27      0.00      0.00      0.00      0.00
09:11:16 PM      eth0     20.00     20.00      1.87     21.52      0.00      0.00      0.00      0.00
09:11:17 PM      eth0     26.26     24.24      2.03     17.34      0.00      0.00      0.00      0.00
09:11:18 PM      eth0     46.53     42.57      4.15     47.69      0.00      0.00      0.00      0.00
09:11:19 PM      eth0     41.00     32.00      3.36     40.87      0.00      0.00      0.00      0.00
09:11:20 PM      eth0     72.73     57.58      5.78     62.90      0.00      0.00      0.00      0.00
09:11:21 PM      eth0     30.61     26.53      2.79     32.79      0.00      0.00      0.00      0.00
09:11:22 PM      eth0     15.00     14.00      1.35     14.28      0.00      0.00      0.00      0.00
09:11:23 PM      eth0     59.60     53.54      5.27     67.22      0.00      0.00      0.00      0.00
09:11:24 PM      eth0     46.08     40.20      4.12     47.48      0.00      0.00      0.00      0.00
09:11:25 PM      eth0     56.00     49.00      5.27     57.60      0.00      0.00      0.00      0.00
09:11:26 PM      eth0     64.65     52.53      5.48     55.22      0.00      0.00      0.00      0.00
09:11:27 PM      eth0     74.26     67.33      6.60     81.48      0.00      0.00      0.00      0.00
09:11:28 PM      eth0     89.11     78.22      8.39     86.17      0.00      0.00      0.00      0.00
09:11:29 PM      eth0     65.35     59.41      6.47     69.15      0.00      0.00      0.00      0.00
09:11:30 PM      eth0     79.00     66.00      7.05     73.29      0.00      0.00      0.00      0.00
09:11:31 PM      eth0    104.00     84.00      9.36     84.90      0.00      0.00      0.00      0.00
09:11:32 PM      eth0    101.02     96.94     10.03    120.60      0.00      0.00      0.00      0.00
09:11:33 PM      eth0     79.21     72.28      7.04     85.03      0.00      0.00      0.00      0.00
09:11:34 PM      eth0    113.59    104.85     10.63    121.28      0.00      0.00      0.00      0.00
09:11:35 PM      eth0    107.69     92.31     10.10    113.79      0.00      0.00      0.00      0.00
09:11:36 PM      eth0    108.91     93.07     10.62    115.48      0.00      0.00      0.00      0.00
09:11:37 PM      eth0     90.10     76.24      8.44     82.33      0.00      0.00      0.00      0.00
09:11:38 PM      eth0     94.12     75.49      8.81     95.43      0.00      0.00      0.00      0.00
09:11:39 PM      eth0     96.08     80.39      8.99     96.23      0.00      0.00      0.00      0.00
09:11:40 PM      eth0    111.11     88.89      9.97    116.94      0.00      0.00      0.00      0.00
09:11:41 PM      eth0    129.00     96.00     11.50    120.50      0.00      0.00      0.00      0.00
09:11:42 PM      eth0    116.16    100.00     11.15    130.36      0.00      0.00      0.00      0.00
09:11:43 PM      eth0     97.96     87.76      9.25    101.76      0.00      0.00      0.00      0.00
09:11:44 PM      eth0    109.09    101.01     10.76    124.95      0.00      0.00      0.00      0.00
09:11:45 PM      eth0     88.12     84.16      8.83     92.52      0.00      0.00      0.00      0.00
09:11:46 PM      eth0     97.09     87.38      9.18    106.37      0.00      0.00      0.00      0.00
09:11:47 PM      eth0    129.00    112.00     12.85    133.54      0.00      0.00      0.00      0.00
09:11:48 PM      eth0    100.00    100.00     10.18    109.81      0.00      0.00      0.00      0.00
09:11:49 PM      eth0     94.06     84.16      9.43    106.41      0.00      0.00      0.00      0.00
09:11:50 PM      eth0     93.94     83.84      9.52     96.55      0.00      0.00      0.00      0.00
09:11:51 PM      eth0    110.00     96.00     10.68    109.93      0.00      0.00      0.00      0.00
