09:05:40 PM      eth0      9.00      9.00      1.12      0.86      0.00      0.00      0.00      0.00
09:05:41 PM      eth0     44.12     39.22      3.21     24.19      0.00      0.00      0.00      0.00
09:05:42 PM      eth0     97.98     78.79      7.47     70.95      0.00      0.00      0.00      0.00
09:05:43 PM      eth0     66.00     55.00      5.63     51.88      0.00      0.00      0.00      0.00
09:05:44 PM      eth0     86.14     68.32      6.81     69.35      0.00      0.00      0.00      0.00
09:05:45 PM      eth0    129.29    107.07     10.53    118.69      0.00      0.00      0.00      0.00
09:05:46 PM      eth0    130.30    103.03     10.71    116.72      0.00      0.00      0.00      0.00
09:05:47 PM      eth0    156.57    125.25     13.48    151.09      0.00      0.00      0.00      0.00
09:05:48 PM      eth0    147.47    114.14     12.51    133.40      0.00      0.00      0.00      0.00
09:05:49 PM      eth0    160.61    127.27     14.17    145.56      0.00      0.00      0.00      0.00
09:05:50 PM      eth0    164.08    126.21     13.82    146.31      0.00      0.00      0.00      0.00
09:05:51 PM      eth0    168.93    139.81     14.96    152.75      0.00      0.00      0.00      0.00
09:05:52 PM      eth0    226.21    172.82     19.54    221.18      0.00      0.00      0.00      0.00
09:05:53 PM      eth0    179.00    134.00     15.84    153.36      0.00      0.00      0.00      0.00
09:05:54 PM      eth0    191.43    151.43     17.11    179.16      0.00      0.00      0.00      0.00
09:05:55 PM      eth0    185.86    154.55     16.88    186.05      0.00      0.00      0.00      0.00
09:05:56 PM      eth0    255.10    225.51     24.14    274.32      0.00      0.00      0.00      0.00
09:05:57 PM      eth0    230.00    192.00     20.65    214.66      0.00      0.00      0.00      0.00
09:05:58 PM      eth0    246.94    196.94     22.44    225.21      0.00      0.00      0.00      0.00
09:05:59 PM      eth0    283.17    231.68     25.30    268.00      0.00      0.00      0.00      0.00
09:06:00 PM      eth0    335.00    262.00     30.77    298.35      0.00      0.00      0.00      0.00
09:06:01 PM      eth0    267.31    221.15     23.80    253.68      0.00      0.00      0.00      0.00
09:06:02 PM      eth0    224.48    195.10     20.73    207.25      0.00      0.00      0.00      0.00
09:06:03 PM      eth0    296.15    242.31     25.76    257.74      0.00      0.00      0.00      0.00
09:06:04 PM      eth0    416.35    357.69     37.54    397.93      0.00      0.00      0.00      0.00
09:06:05 PM      eth0    292.23    224.27     25.84    257.49      0.00      0.00      0.00      0.00
09:06:06 PM      eth0    334.00    276.00     30.17    312.88      0.00      0.00      0.00      0.00
09:06:07 PM      eth0    339.81    273.79     30.78    321.13      0.00      0.00      0.00      0.00
09:06:08 PM      eth0    404.04    314.14     35.51    365.31      0.00      0.00      0.00      0.00
09:06:09 PM      eth0    414.00    322.00     37.33    362.92      0.00      0.00      0.00      0.00
09:06:10 PM      eth0    429.29    345.45     38.85    392.40      0.00      0.00      0.00      0.00
09:06:11 PM      eth0    398.08    333.65     36.46    373.70      0.00      0.00      0.00      0.00
09:06:12 PM      eth0    450.00    359.43     40.72    418.14      0.00      0.00      0.00      0.00
09:06:13 PM      eth0    410.78    357.84     38.03    399.27      0.00      0.00      0.00      0.00
09:06:14 PM      eth0    415.24    360.00     38.10    416.67      0.00      0.00      0.00      0.00
09:06:15 PM      eth0    477.67    435.92     46.17    494.67      0.00      0.00      0.00      0.00
09:06:16 PM      eth0    420.79    385.15     40.60    422.00      0.00      0.00      0.00      0.00
09:06:17 PM      eth0    626.00    421.00     46.41    261.12      0.00      0.00      0.00      0.00
