08:57:10 PM      eth0     10.68     10.68      1.18      0.93      0.00      0.00      0.00      0.00
08:57:11 PM      eth0    146.00    122.00     10.50     84.14      0.00      0.00      0.00      0.00
08:57:12 PM      eth0    232.04    184.47     17.95    159.97      0.00      0.00      0.00      0.00
08:57:13 PM      eth0    222.77    182.18     17.77    177.32      0.00      0.00      0.00      0.00
08:57:14 PM      eth0    246.94    212.24     20.60    246.65      0.00      0.00      0.00      0.00
08:57:15 PM      eth0    359.41    283.17     29.82    305.42      0.00      0.00      0.00      0.00
08:57:16 PM      eth0    420.20    358.59     35.92    360.06      0.00      0.00      0.00      0.00
08:57:17 PM      eth0    360.78    305.88     30.96    351.29      0.00      0.00      0.00      0.00
08:57:18 PM      eth0    423.85    359.63     36.97    393.17      0.00      0.00      0.00      0.00
08:57:19 PM      eth0    482.08    418.87     42.62    475.29      0.00      0.00      0.00      0.00
08:57:20 PM      eth0    604.81    522.12     52.50    546.24      0.00      0.00      0.00      0.00
08:57:21 PM      eth0    662.14    576.70     58.86    632.11      0.00      0.00      0.00      0.00
08:57:22 PM      eth0    747.06    655.88     66.82    679.02      0.00      0.00      0.00      0.00
08:57:23 PM      eth0    695.00    603.00     62.29    663.67      0.00      0.00      0.00      0.00
08:57:24 PM      eth0    836.00    712.00     72.86    732.34      0.00      0.00      0.00      0.00
08:57:25 PM      eth0    808.82    716.67     74.44    771.58      0.00      0.00      0.00      0.00
08:57:26 PM      eth0    842.00    795.00     76.44    836.37      0.00      0.00      0.00      0.00
08:57:27 PM      eth0   1041.41    874.75     89.03    916.83      0.00      0.00      0.00      0.00
08:57:28 PM      eth0    974.26    857.43     86.57    940.68      0.00      0.00      0.00      0.00
08:57:29 PM      eth0   1027.00    923.00     94.32    994.73      0.00      0.00      0.00      0.00
08:57:30 PM      eth0   1014.00    926.00     93.01    951.90      0.00      0.00      0.00      0.00
08:57:31 PM      eth0   1117.00    984.00    101.43   1090.55      0.00      0.00      0.00      0.00
08:57:32 PM      eth0   1092.00    929.00     98.90   1023.34      0.00      0.00      0.00      0.00
08:57:33 PM      eth0   1151.00    980.00    102.67   1078.92      0.00      0.00      0.00      0.00
08:57:34 PM      eth0   1142.00    947.00    101.14   1012.99      0.00      0.00      0.00      0.00
08:57:35 PM      eth0   1058.00    972.00     98.02   1032.69      0.00      0.00      0.00      0.00
08:57:36 PM      eth0    984.00    860.00     92.38    926.34      0.00      0.00      0.00      0.00
08:57:37 PM      eth0    960.00    813.00     89.57    884.93      0.00      0.00      0.00      0.00
08:57:38 PM      eth0    766.00    696.00     73.98    735.23      0.00      0.00      0.00      0.00
08:57:39 PM      eth0    867.00    747.00     80.06    805.48      0.00      0.00      0.00      0.00
08:57:40 PM      eth0    792.93    727.27     76.20    769.83      0.00      0.00      0.00      0.00
08:57:41 PM      eth0    701.00    601.00     65.14    637.95      0.00      0.00      0.00      0.00
08:57:42 PM      eth0    675.00    591.00     65.36    618.20      0.00      0.00      0.00      0.00
08:57:43 PM      eth0    528.71    480.20     51.74    531.42      0.00      0.00      0.00      0.00
08:57:44 PM      eth0    569.00    510.00     54.42    556.51      0.00      0.00      0.00      0.00
08:57:45 PM      eth0    595.96    506.06     56.49    540.09      0.00      0.00      0.00      0.00
08:57:46 PM      eth0    586.14    521.78     55.30    598.41      0.00      0.00      0.00      0.00
08:57:47 PM      eth0   1373.74   1198.99     78.67    598.11      0.00      0.00      0.00      0.00
