09:09:48 PM      eth0      9.00      9.00      1.12      0.86      0.00      0.00      0.00      0.00
09:09:49 PM      eth0      9.00      8.00      0.65      3.04      0.00      0.00      0.00      0.00
09:09:50 PM      eth0     24.24     20.20      1.85     19.46      0.00      0.00      0.00      0.00
09:09:51 PM      eth0     25.00     20.00      2.12     21.52      0.00      0.00      0.00      0.00
09:09:52 PM      eth0     30.00     24.00      2.21     17.16      0.00      0.00      0.00      0.00
09:09:53 PM      eth0     48.00     43.00      4.25     48.17      0.00      0.00      0.00      0.00
09:09:54 PM      eth0     40.82     32.65      3.39     41.73      0.00      0.00      0.00      0.00
09:09:55 PM      eth0     65.00     57.00      5.37     62.27      0.00      0.00      0.00      0.00
09:09:56 PM      eth0     30.00     26.00      2.74     32.13      0.00      0.00      0.00      0.00
09:09:57 PM      eth0     19.19     15.15      1.54     14.48      0.00      0.00      0.00      0.00
09:09:58 PM      eth0     58.82     50.98      5.17     65.19      0.00      0.00      0.00      0.00
09:09:59 PM      eth0     48.04     41.18      4.21     47.53      0.00      0.00      0.00      0.00
09:10:00 PM      eth0     60.40     48.51      5.47     57.03      0.00      0.00      0.00      0.00
09:10:01 PM      eth0     61.39     50.50      5.28     54.08      0.00      0.00      0.00      0.00
09:10:02 PM      eth0     86.14     67.33      7.20     81.48      0.00      0.00      0.00      0.00
09:10:03 PM      eth0    104.00     79.00      9.19     87.03      0.00      0.00      0.00      0.00
09:10:04 PM      eth0     76.24     59.41      7.02     69.15      0.00      0.00      0.00      0.00
09:10:05 PM      eth0     89.00     65.00      7.57     73.24      0.00      0.00      0.00      0.00
09:10:06 PM      eth0    109.80     82.35      9.58     83.24      0.00      0.00      0.00      0.00
09:10:07 PM      eth0    115.15     95.96     10.70    119.38      0.00      0.00      0.00      0.00
09:10:08 PM      eth0     86.41     71.84      7.36     83.47      0.00      0.00      0.00      0.00
09:10:09 PM      eth0    126.21    106.80     11.27    124.83      0.00      0.00      0.00      0.00
09:10:10 PM      eth0    113.86     93.07     10.54    113.52      0.00      0.00      0.00      0.00
09:10:11 PM      eth0    106.73     90.38     10.36    112.15      0.00      0.00      0.00      0.00
09:10:12 PM      eth0    100.97     74.76      9.06     80.74      0.00      0.00      0.00      0.00
09:10:13 PM      eth0     94.95     77.78      8.83     98.32      0.00      0.00      0.00      0.00
09:10:14 PM      eth0     99.01     84.16      9.17     97.36      0.00      0.00      0.00      0.00
09:10:15 PM      eth0    113.00     87.00     10.04    115.72      0.00      0.00      0.00      0.00
09:10:16 PM      eth0    128.00     98.00     11.55    123.17      0.00      0.00      0.00      0.00
09:10:17 PM      eth0    117.00     97.00     11.05    126.38      0.00      0.00      0.00      0.00
09:10:18 PM      eth0    105.00     85.00      9.53     99.68      0.00      0.00      0.00      0.00
09:10:19 PM      eth0    117.92     96.23     11.01    116.82      0.00      0.00      0.00      0.00
09:10:20 PM      eth0     96.04     85.15      9.07     92.57      0.00      0.00      0.00      0.00
09:10:21 PM      eth0     96.08     88.24      9.17    107.41      0.00      0.00      0.00      0.00
09:10:22 PM      eth0    147.52    111.88     13.72    132.27      0.00      0.00      0.00      0.00
09:10:23 PM      eth0    115.69     96.08     10.78    105.50      0.00      0.00      0.00      0.00
09:10:24 PM      eth0    117.35     87.76     10.94    109.74      0.00      0.00      0.00      0.00
09:10:25 PM      eth0     97.03     86.14      9.51     97.42      0.00      0.00      0.00      0.00
09:10:26 PM      eth0    126.26     96.97     11.55    110.83      0.00      0.00      0.00      0.00
