09:00:51 PM      eth0      9.09      9.09      1.14      0.86      0.00      0.00      0.00      0.00
09:00:52 PM      eth0    110.89     93.07      8.01     64.38      0.00      0.00      0.00      0.00
09:00:53 PM      eth0    107.14     89.80      8.60     84.07      0.00      0.00      0.00      0.00
09:00:54 PM      eth0    145.00    117.00     11.63    103.94      0.00      0.00      0.00      0.00
09:00:55 PM      eth0    185.86    152.53     15.22    181.69      0.00      0.00      0.00      0.00
09:00:56 PM      eth0    174.49    140.82     14.46    159.33      0.00      0.00      0.00      0.00
09:00:57 PM      eth0    216.16    169.70     18.47    188.19      0.00      0.00      0.00      0.00
09:00:58 PM      eth0    228.57    191.84     20.06    216.84      0.00      0.00      0.00      0.00
09:00:59 PM      eth0    240.59    185.15     20.29    211.17      0.00      0.00      0.00      0.00
09:01:00 PM      eth0    236.27    185.29     20.02    217.72      0.00      0.00      0.00      0.00
09:01:01 PM      eth0    321.15    264.42     28.42    296.94      0.00      0.00      0.00      0.00
09:01:02 PM      eth0    367.62    294.29     31.75    349.98      0.00      0.00      0.00      0.00
09:01:03 PM      eth0    361.54    281.73     30.73    311.33      0.00      0.00      0.00      0.00
09:01:04 PM      eth0    383.17    291.09     33.49    318.49      0.00      0.00      0.00      0.00
09:01:05 PM      eth0    392.16    308.82     33.93    332.09      0.00      0.00      0.00      0.00
09:01:06 PM      eth0    477.00    380.00     41.79    423.51      0.00      0.00      0.00      0.00
09:01:07 PM      eth0    464.00    364.00     41.05    380.64      0.00      0.00      0.00      0.00
09:01:08 PM      eth0    554.00    433.00     48.00    507.50      0.00      0.00      0.00      0.00
09:01:09 PM      eth0    503.00    430.00     45.67    494.15      0.00      0.00      0.00      0.00
09:01:10 PM      eth0    595.92    478.57     52.99    546.81      0.00      0.00      0.00      0.00
09:01:11 PM      eth0    496.26    418.69     44.59    463.19      0.00      0.00      0.00      0.00
09:01:12 PM      eth0    599.05    510.48     53.89    544.37      0.00      0.00      0.00      0.00
09:01:13 PM      eth0    560.78    490.20     50.83    551.87      0.00      0.00      0.00      0.00
09:01:14 PM      eth0    608.91    531.68     55.60    592.26      0.00      0.00      0.00      0.00
09:01:15 PM      eth0    586.27    559.80     55.37    631.81      0.00      0.00      0.00      0.00
09:01:16 PM      eth0    655.45    601.98     61.79    629.63      0.00      0.00      0.00      0.00
09:01:17 PM      eth0    699.02    632.35     64.76    673.70      0.00      0.00      0.00      0.00
09:01:18 PM      eth0    733.67    650.00     66.85    718.55      0.00      0.00      0.00      0.00
09:01:19 PM      eth0    757.84    675.49     70.10    765.50      0.00      0.00      0.00      0.00
09:01:20 PM      eth0    756.00    655.00     69.03    696.65      0.00      0.00      0.00      0.00
09:01:21 PM      eth0    742.72    662.14     68.43    729.00      0.00      0.00      0.00      0.00
09:01:22 PM      eth0    870.71    769.70     80.14    833.25      0.00      0.00      0.00      0.00
09:01:23 PM      eth0    920.59    805.88     82.28    897.28      0.00      0.00      0.00      0.00
09:01:24 PM      eth0    810.89    757.43     77.07    814.61      0.00      0.00      0.00      0.00
09:01:25 PM      eth0    806.00    728.00     76.45    819.35      0.00      0.00      0.00      0.00
09:01:26 PM      eth0    741.00    650.00     71.36    692.04      0.00      0.00      0.00      0.00
09:01:27 PM      eth0    775.00    673.00     70.87    735.14      0.00      0.00      0.00      0.00
09:01:28 PM      eth0   1135.00    815.00     81.70    516.39      0.00      0.00      0.00      0.00
