09:10:31 PM      eth0     13.86     13.86      1.47      1.34      0.00      0.00      0.00      0.00
09:10:32 PM      eth0      5.00      4.00      0.34      2.61      0.00      0.00      0.00      0.00
09:10:33 PM      eth0     25.25     20.20      1.90     19.46      0.00      0.00      0.00      0.00
09:10:34 PM      eth0     30.00     26.00      2.55     25.81      0.00      0.00      0.00      0.00
09:10:35 PM      eth0     25.00     22.00      1.96     20.95      0.00      0.00      0.00      0.00
09:10:36 PM      eth0     50.00     40.00      4.29     40.49      0.00      0.00      0.00      0.00
09:10:37 PM      eth0     53.00     41.00      4.34     49.74      0.00      0.00      0.00      0.00
09:10:38 PM      eth0     63.64     50.51      5.03     58.91      0.00      0.00      0.00      0.00
09:10:39 PM      eth0     27.45     23.53      2.48     28.18      0.00      0.00      0.00      0.00
09:10:40 PM      eth0     22.22     18.18      1.89     18.46      0.00      0.00      0.00      0.00
09:10:41 PM      eth0     65.35     50.50      5.64     64.44      0.00      0.00      0.00      0.00
09:10:42 PM      eth0     54.55     42.42      4.67     50.43      0.00      0.00      0.00      0.00
09:10:43 PM      eth0     65.00     51.00      5.63     57.80      0.00      0.00      0.00      0.00
09:10:44 PM      eth0     59.80     48.04      5.12     54.95      0.00      0.00      0.00      0.00
09:10:45 PM      eth0     89.00     82.00      7.97     94.91      0.00      0.00      0.00      0.00
09:10:46 PM      eth0     77.67     66.99      7.46     76.78      0.00      0.00      0.00      0.00
09:10:47 PM      eth0     72.73     59.60      6.87     67.54      0.00      0.00      0.00      0.00
09:10:48 PM      eth0     81.19     69.31      7.30     80.06      0.00      0.00      0.00      0.00
09:10:49 PM      eth0     91.09     75.25      8.23     77.33      0.00      0.00      0.00      0.00
09:10:50 PM      eth0    106.93     93.07     10.33    111.97      0.00      0.00      0.00      0.00
09:10:51 PM      eth0     88.00     75.00      7.40     90.68      0.00      0.00      0.00      0.00
09:10:52 PM      eth0    144.90    122.45     13.07    143.44      0.00      0.00      0.00      0.00
09:10:53 PM      eth0    114.43     94.85     10.84    113.50      0.00      0.00      0.00      0.00
09:10:54 PM      eth0     93.20     80.58      9.10    101.76      0.00      0.00      0.00      0.00
09:10:55 PM      eth0     96.08     82.35      9.06     89.64      0.00      0.00      0.00      0.00
09:10:56 PM      eth0     89.00     75.00      8.37     94.69      0.00      0.00      0.00      0.00
09:10:57 PM      eth0     92.08     78.22      8.62     89.22      0.00      0.00      0.00      0.00
09:10:58 PM      eth0    115.15     96.97     10.68    131.77      0.00      0.00      0.00      0.00
09:10:59 PM      eth0    105.83     88.35      9.98    111.73      0.00      0.00      0.00      0.00
09:11:00 PM      eth0    120.79    100.99     11.36    127.11      0.00      0.00      0.00      0.00
09:11:01 PM      eth0    113.27     93.88     10.60    112.89      0.00      0.00      0.00      0.00
09:11:02 PM      eth0    120.20     93.94     10.99    115.52      0.00      0.00      0.00      0.00
09:11:03 PM      eth0    104.04     85.86      9.60     90.52      0.00      0.00      0.00      0.00
09:11:04 PM      eth0    112.87     90.10     10.01    112.08      0.00      0.00      0.00      0.00
09:11:05 PM      eth0    146.15    109.62     13.36    129.56      0.00      0.00      0.00      0.00
09:11:06 PM      eth0    116.67     94.12     10.84    102.23      0.00      0.00      0.00      0.00
09:11:07 PM      eth0    114.00     89.00     10.58    109.12      0.00      0.00      0.00      0.00
09:11:08 PM      eth0     96.04     86.14      9.55     97.42      0.00      0.00      0.00      0.00
09:11:09 PM      eth0    196.04    141.58     17.55    104.13      0.00      0.00      0.00      0.00
