09:09:07 PM      eth0      9.00      9.00      1.12      0.86      0.00      0.00      0.00      0.00
09:09:08 PM      eth0     27.27     22.22      1.93     12.68      0.00      0.00      0.00      0.00
09:09:09 PM      eth0     41.18     34.31      3.11     31.56      0.00      0.00      0.00      0.00
09:09:10 PM      eth0     50.00     39.00      4.12     38.91      0.00      0.00      0.00      0.00
09:09:11 PM      eth0     78.79     63.64      6.31     55.55      0.00      0.00      0.00      0.00
09:09:12 PM      eth0     63.37     49.50      5.32     69.04      0.00      0.00      0.00      0.00
09:09:13 PM      eth0     53.47     41.58      4.35     47.70      0.00      0.00      0.00      0.00
09:09:14 PM      eth0     65.66     52.53      5.28     57.21      0.00      0.00      0.00      0.00
09:09:15 PM      eth0     72.00     55.00      5.78     60.67      0.00      0.00      0.00      0.00
09:09:16 PM      eth0    108.82     90.20      9.70     98.67      0.00      0.00      0.00      0.00
09:09:17 PM      eth0     99.02     83.33      8.41     84.40      0.00      0.00      0.00      0.00
09:09:18 PM      eth0    134.95    117.48     11.92    140.35      0.00      0.00      0.00      0.00
09:09:19 PM      eth0    102.91     90.29      9.38    111.20      0.00      0.00      0.00      0.00
09:09:20 PM      eth0    122.12    104.81     11.43    126.83      0.00      0.00      0.00      0.00
09:09:21 PM      eth0    137.25    111.76     12.32    134.50      0.00      0.00      0.00      0.00
09:09:22 PM      eth0    126.26     98.99     11.61    128.79      0.00      0.00      0.00      0.00
09:09:23 PM      eth0    135.29    113.73     12.53    126.76      0.00      0.00      0.00      0.00
09:09:24 PM      eth0    125.24    107.77     11.81    133.56      0.00      0.00      0.00      0.00
09:09:25 PM      eth0    125.25    103.03     11.82    127.24      0.00      0.00      0.00      0.00
09:09:26 PM      eth0    139.22    117.65     12.68    144.15      0.00      0.00      0.00      0.00
09:09:27 PM      eth0    141.35    122.12     12.98    143.79      0.00      0.00      0.00      0.00
09:09:28 PM      eth0    135.92    117.48     13.08    133.30      0.00      0.00      0.00      0.00
09:09:29 PM      eth0    139.05    126.67     12.64    140.36      0.00      0.00      0.00      0.00
09:09:30 PM      eth0    186.14    151.49     17.01    169.25      0.00      0.00      0.00      0.00
09:09:31 PM      eth0    188.68    144.34     16.53    174.60      0.00      0.00      0.00      0.00
09:09:32 PM      eth0    174.00    140.00     15.80    173.88      0.00      0.00      0.00      0.00
09:09:33 PM      eth0    183.50    154.37     16.79    178.06      0.00      0.00      0.00      0.00
09:09:34 PM      eth0    182.83    167.68     17.80    207.52      0.00      0.00      0.00      0.00
09:09:35 PM      eth0    176.47    147.06     16.62    167.81      0.00      0.00      0.00      0.00
09:09:36 PM      eth0    243.43    202.02     22.77    218.48      0.00      0.00      0.00      0.00
09:09:37 PM      eth0    199.00    168.00     18.71    186.49      0.00      0.00      0.00      0.00
09:09:38 PM      eth0    204.85    186.41     19.38    216.34      0.00      0.00      0.00      0.00
09:09:39 PM      eth0    201.92    168.27     18.84    199.42      0.00      0.00      0.00      0.00
09:09:40 PM      eth0    196.23    168.87     18.57    195.65      0.00      0.00      0.00      0.00
09:09:41 PM      eth0    207.62    173.33     19.80    195.33      0.00      0.00      0.00      0.00
09:09:42 PM      eth0    220.39    185.44     20.18    216.29      0.00      0.00      0.00      0.00
09:09:43 PM      eth0    226.73    189.11     21.16    233.29      0.00      0.00      0.00      0.00
09:09:44 PM      eth0    354.46    247.52     28.47    197.19      0.00      0.00      0.00      0.00
