09:17:59 PM      eth0      9.90      9.90      1.16      0.98      0.00      0.00      0.00      0.00
09:18:00 PM      eth0    117.00     97.00      8.42     66.76      0.00      0.00      0.00      0.00
09:18:01 PM      eth0    169.39    136.73     13.09    119.68      0.00      0.00      0.00      0.00
09:18:02 PM      eth0    166.00    135.00     13.47    134.90      0.00      0.00      0.00      0.00
09:18:03 PM      eth0    217.48    171.84     17.62    199.51      0.00      0.00      0.00      0.00
09:18:04 PM      eth0    217.00    174.00     17.76    189.78      0.00      0.00      0.00      0.00
09:18:05 PM      eth0    263.73    217.65     23.29    241.33      0.00      0.00      0.00      0.00
09:18:06 PM      eth0    269.61    226.47     23.13    241.80      0.00      0.00      0.00      0.00
09:18:07 PM      eth0    324.76    249.52     27.00    290.32      0.00      0.00      0.00      0.00
09:18:08 PM      eth0    341.90    271.43     29.18    296.22      0.00      0.00      0.00      0.00
09:18:09 PM      eth0    428.85    342.31     37.42    394.58      0.00      0.00      0.00      0.00
09:18:10 PM      eth0    469.90    369.90     40.20    423.56      0.00      0.00      0.00      0.00
09:18:11 PM      eth0    435.64    348.51     38.32    399.43      0.00      0.00      0.00      0.00
09:18:12 PM      eth0    436.00    383.00     40.44    408.92      0.00      0.00      0.00      0.00
09:18:13 PM      eth0    576.47    482.35     50.44    527.37      0.00      0.00      0.00      0.00
09:18:14 PM      eth0    634.00    534.00     57.00    565.86      0.00      0.00      0.00      0.00
09:18:15 PM      eth0    610.10    527.27     54.03    586.98      0.00      0.00      0.00      0.00
09:18:16 PM      eth0    622.00    565.00     57.06    598.14      0.00      0.00      0.00      0.00
09:18:17 PM      eth0    654.46    591.09     59.16    641.43      0.00      0.00      0.00      0.00
09:18:18 PM      eth0    620.95    555.24     57.01    627.95      0.00      0.00      0.00      0.00
09:18:19 PM      eth0    742.86    612.38     65.66    655.33      0.00      0.00      0.00      0.00
09:18:20 PM      eth0    835.29    700.00     73.73    763.56      0.00      0.00      0.00      0.00
09:18:21 PM      eth0    814.85    712.87     73.63    762.32      0.00      0.00      0.00      0.00
09:18:22 PM      eth0    970.10    812.37     86.62    889.26      0.00      0.00      0.00      0.00
09:18:23 PM      eth0    878.43    766.67     79.75    833.74      0.00      0.00      0.00      0.00
09:18:24 PM      eth0    982.65    840.82     88.98    932.47      0.00      0.00      0.00      0.00
09:18:25 PM      eth0    860.00    774.00     77.03    842.64      0.00      0.00      0.00      0.00
09:18:26 PM      eth0    995.05    839.60     89.00    903.06      0.00      0.00      0.00      0.00
09:18:27 PM      eth0    939.39    815.15     87.15    882.01      0.00      0.00      0.00      0.00
09:18:28 PM      eth0    892.08    814.85     84.03    878.15      0.00      0.00      0.00      0.00
09:18:29 PM      eth0   1017.17    900.00     93.92    963.82      0.00      0.00      0.00      0.00
09:18:30 PM      eth0    945.54    827.72     85.76    916.58      0.00      0.00      0.00      0.00
09:18:31 PM      eth0    899.00    846.00     84.12    893.32      0.00      0.00      0.00      0.00
09:18:32 PM      eth0    866.00    762.00     81.56    819.60      0.00      0.00      0.00      0.00
09:18:33 PM      eth0    957.00    841.00     88.20    900.58      0.00      0.00      0.00      0.00
09:18:34 PM      eth0    811.00    727.00     76.27    804.41      0.00      0.00      0.00      0.00
09:18:35 PM      eth0    768.00    693.00     73.43    760.22      0.00      0.00      0.00      0.00
09:18:36 PM      eth0   1072.00    775.00     70.01    355.69      0.00      0.00      0.00      0.00
