09:06:21 PM      eth0     10.00     10.00      1.16      0.91      0.00      0.00      0.00      0.00
09:06:22 PM      eth0     26.00     22.00      1.86     12.55      0.00      0.00      0.00      0.00
09:06:23 PM      eth0     42.42     34.34      3.21     32.46      0.00      0.00      0.00      0.00
09:06:24 PM      eth0     50.51     41.41      4.14     39.39      0.00      0.00      0.00      0.00
09:06:25 PM      eth0     78.00     64.00      6.25     55.04      0.00      0.00      0.00      0.00
09:06:26 PM      eth0     63.00     51.00      5.31     69.78      0.00      0.00      0.00      0.00
09:06:27 PM      eth0     48.00     43.00      4.08     48.23      0.00      0.00      0.00      0.00
09:06:28 PM      eth0     62.63     54.55      5.11     57.31      0.00      0.00      0.00      0.00
09:06:29 PM      eth0     71.72     56.57      5.88     62.94      0.00      0.00      0.00      0.00
09:06:30 PM      eth0    109.00     90.00      9.71     98.96      0.00      0.00      0.00      0.00
09:06:31 PM      eth0    101.94     85.44      8.69     87.56      0.00      0.00      0.00      0.00
09:06:32 PM      eth0    139.22    116.67     12.03    137.75      0.00      0.00      0.00      0.00
09:06:33 PM      eth0    120.20     92.93     10.43    115.64      0.00      0.00      0.00      0.00
09:06:34 PM      eth0    134.31    108.82     12.13    129.42      0.00      0.00      0.00      0.00
09:06:35 PM      eth0    134.69    116.33     12.40    139.99      0.00      0.00      0.00      0.00
09:06:36 PM      eth0    118.00     99.00     11.13    127.55      0.00      0.00      0.00      0.00
09:06:37 PM      eth0    134.00    116.00     12.57    129.29      0.00      0.00      0.00      0.00
09:06:38 PM      eth0    126.00    109.00     12.03    137.46      0.00      0.00      0.00      0.00
09:06:39 PM      eth0    131.00    104.00     12.03    126.07      0.00      0.00      0.00      0.00
09:06:40 PM      eth0    138.38    121.21     12.81    148.52      0.00      0.00      0.00      0.00
09:06:41 PM      eth0    144.23    121.15     13.23    146.19      0.00      0.00      0.00      0.00
09:06:42 PM      eth0    134.62    113.46     12.87    129.40      0.00      0.00      0.00      0.00
09:06:43 PM      eth0    141.18    130.39     12.91    144.49      0.00      0.00      0.00      0.00
09:06:44 PM      eth0    175.76    151.52     16.72    176.04      0.00      0.00      0.00      0.00
09:06:45 PM      eth0    182.52    146.60     16.33    177.62      0.00      0.00      0.00      0.00
09:06:46 PM      eth0    171.00    138.00     15.66    174.77      0.00      0.00      0.00      0.00
09:06:47 PM      eth0    188.12    156.44     17.35    184.82      0.00      0.00      0.00      0.00
09:06:48 PM      eth0    195.92    171.43     18.44    206.17      0.00      0.00      0.00      0.00
09:06:49 PM      eth0    192.86    155.10     17.77    174.79      0.00      0.00      0.00      0.00
09:06:50 PM      eth0    258.16    205.10     23.81    220.79      0.00      0.00      0.00      0.00
09:06:51 PM      eth0    203.88    163.11     18.55    181.05      0.00      0.00      0.00      0.00
09:06:52 PM      eth0    207.48    178.50     19.19    208.20      0.00      0.00      0.00      0.00
09:06:53 PM      eth0    198.08    171.15     18.81    201.09      0.00      0.00      0.00      0.00
09:06:54 PM      eth0    220.59    174.51     19.99    201.76      0.00      0.00      0.00      0.00
09:06:55 PM      eth0    223.08    176.92     20.74    199.08      0.00      0.00      0.00      0.00
09:06:56 PM      eth0    204.85    183.50     19.32    214.39      0.00      0.00      0.00      0.00
09:06:57 PM      eth0    250.51    197.98     22.74    243.46      0.00      0.00      0.00      0.00
09:06:58 PM      eth0    380.81    247.47     29.83    195.71      0.00      0.00      0.00      0.00
