09:17:15 PM      eth0      9.80      9.80      1.14      0.88      0.00      0.00      0.00      0.00
09:17:16 PM      eth0    117.00     96.00      8.43     66.71      0.00      0.00      0.00      0.00
09:17:17 PM      eth0    152.48    130.69     12.02    114.19      0.00      0.00      0.00      0.00
09:17:18 PM      eth0    160.78    131.37     13.01    126.14      0.00      0.00      0.00      0.00
09:17:19 PM      eth0    205.94    178.22     17.33    208.05      0.00      0.00      0.00      0.00
09:17:20 PM      eth0    203.88    164.08     16.62    179.40      0.00      0.00      0.00      0.00
09:17:21 PM      eth0    236.89    207.77     21.48    233.56      0.00      0.00      0.00      0.00
09:17:22 PM      eth0    254.81    226.92     22.34    237.40      0.00      0.00      0.00      0.00
09:17:23 PM      eth0    305.00    270.00     26.71    310.44      0.00      0.00      0.00      0.00
09:17:24 PM      eth0    345.45    282.83     29.92    310.43      0.00      0.00      0.00      0.00
09:17:25 PM      eth0    437.76    359.18     38.83    415.15      0.00      0.00      0.00      0.00
09:17:26 PM      eth0    447.00    390.00     39.49    444.72      0.00      0.00      0.00      0.00
09:17:27 PM      eth0    386.54    339.42     35.26    383.85      0.00      0.00      0.00      0.00
09:17:28 PM      eth0    420.79    373.27     39.55    399.12      0.00      0.00      0.00      0.00
09:17:29 PM      eth0    562.14    476.70     49.10    514.30      0.00      0.00      0.00      0.00
09:17:30 PM      eth0    575.96    511.54     52.87    546.22      0.00      0.00      0.00      0.00
09:17:31 PM      eth0    649.48    540.21     56.63    592.78      0.00      0.00      0.00      0.00
09:17:32 PM      eth0    645.10    560.78     57.54    596.47      0.00      0.00      0.00      0.00
09:17:33 PM      eth0    692.93    606.06     62.08    655.07      0.00      0.00      0.00      0.00
09:17:34 PM      eth0    696.94    605.10     62.76    675.14      0.00      0.00      0.00      0.00
09:17:35 PM      eth0    747.47    630.30     66.85    663.73      0.00      0.00      0.00      0.00
09:17:36 PM      eth0    832.67    717.82     74.52    790.68      0.00      0.00      0.00      0.00
09:17:37 PM      eth0    784.47    685.44     71.21    744.79      0.00      0.00      0.00      0.00
09:17:38 PM      eth0    879.44    728.97     77.96    802.71      0.00      0.00      0.00      0.00
09:17:39 PM      eth0    893.14    776.47     80.70    832.01      0.00      0.00      0.00      0.00
09:17:40 PM      eth0    997.03    818.81     87.81    906.85      0.00      0.00      0.00      0.00
09:17:41 PM      eth0    878.79    780.81     79.23    845.08      0.00      0.00      0.00      0.00
09:17:42 PM      eth0    966.34    823.76     86.62    884.34      0.00      0.00      0.00      0.00
09:17:43 PM      eth0    933.66    771.29     86.25    837.99      0.00      0.00      0.00      0.00
09:17:44 PM      eth0    938.00    853.00     85.98    921.44      0.00      0.00      0.00      0.00
09:17:45 PM      eth0   1025.25    897.98     94.29    971.41      0.00      0.00      0.00      0.00
09:17:46 PM      eth0    980.20    827.72     88.58    913.04      0.00      0.00      0.00      0.00
09:17:47 PM      eth0    910.00    777.00     82.51    828.52      0.00      0.00      0.00      0.00
09:17:48 PM      eth0    882.00    766.00     83.63    829.95      0.00      0.00      0.00      0.00
09:17:49 PM      eth0    902.00    812.00     83.73    867.17      0.00      0.00      0.00      0.00
09:17:50 PM      eth0    801.01    708.08     74.04    787.14      0.00      0.00      0.00      0.00
09:17:51 PM      eth0    754.46    643.56     69.36    701.34      0.00      0.00      0.00      0.00
09:17:52 PM      eth0    886.14    614.85     53.73    192.11      0.00      0.00      0.00      0.00
