09:03:37 PM      eth0     10.20     10.20      1.20      1.01      0.00      0.00      0.00      0.00
09:03:38 PM      eth0     44.00     40.00      3.22     24.67      0.00      0.00      0.00      0.00
09:03:39 PM      eth0     84.16     76.24      6.72     69.49      0.00      0.00      0.00      0.00
09:03:40 PM      eth0     65.66     55.56      5.64     52.40      0.00      0.00      0.00      0.00
09:03:41 PM      eth0     83.00     69.00      6.67     70.04      0.00      0.00      0.00      0.00
09:03:42 PM      eth0    127.27    106.06     10.45    118.64      0.00      0.00      0.00      0.00
09:03:43 PM      eth0    126.00    103.00     10.44    115.60      0.00      0.00      0.00      0.00
09:03:44 PM      eth0    154.00    124.00     13.29    149.58      0.00      0.00      0.00      0.00
09:03:45 PM      eth0    141.41    114.14     12.20    133.40      0.00      0.00      0.00      0.00
09:03:46 PM      eth0    154.55    125.25     13.87    145.44      0.00      0.00      0.00      0.00
09:03:47 PM      eth0    163.11    125.24     13.77    146.25      0.00      0.00      0.00      0.00
09:03:48 PM      eth0    180.58    137.86     15.57    152.63      0.00      0.00      0.00      0.00
09:03:49 PM      eth0    220.59    175.49     19.33    223.41      0.00      0.00      0.00      0.00
09:03:50 PM      eth0    163.73    129.41     14.79    148.73      0.00      0.00      0.00      0.00
09:03:51 PM      eth0    204.04    162.63     18.35    191.70      0.00      0.00      0.00      0.00
09:03:52 PM      eth0    214.85    155.45     18.38    185.41      0.00      0.00      0.00      0.00
09:03:53 PM      eth0    255.00    222.00     23.73    264.54      0.00      0.00      0.00      0.00
09:03:54 PM      eth0    235.00    196.00     20.89    216.44      0.00      0.00      0.00      0.00
09:03:55 PM      eth0    254.08    200.00     22.81    225.39      0.00      0.00      0.00      0.00
09:03:56 PM      eth0    290.82    239.80     26.02    276.27      0.00      0.00      0.00      0.00
09:03:57 PM      eth0    294.39    246.73     27.81    278.95      0.00      0.00      0.00      0.00
09:03:58 PM      eth0    265.69    226.47     23.91    258.70      0.00      0.00      0.00      0.00
09:03:59 PM      eth0    346.08    293.14     31.77    327.42      0.00      0.00      0.00      0.00
09:04:00 PM      eth0    270.59    214.71     24.38    239.07      0.00      0.00      0.00      0.00
09:04:01 PM      eth0    443.00    362.00     38.97    405.02      0.00      0.00      0.00      0.00
09:04:02 PM      eth0    309.80    236.27     27.24    272.55      0.00      0.00      0.00      0.00
09:04:03 PM      eth0    348.04    259.80     30.74    292.32      0.00      0.00      0.00      0.00
09:04:04 PM      eth0    370.00    295.00     32.52    349.09      0.00      0.00      0.00      0.00
09:04:05 PM      eth0    409.18    316.33     35.67    358.26      0.00      0.00      0.00      0.00
09:04:06 PM      eth0    440.59    335.64     38.84    369.22      0.00      0.00      0.00      0.00
09:04:07 PM      eth0    448.00    344.00     39.62    387.19      0.00      0.00      0.00      0.00
09:04:08 PM      eth0    420.37    325.00     37.03    368.05      0.00      0.00      0.00      0.00
09:04:09 PM      eth0    497.06    378.43     43.83    425.17      0.00      0.00      0.00      0.00
09:04:10 PM      eth0    468.32    356.44     41.11    401.29      0.00      0.00      0.00      0.00
09:04:11 PM      eth0    445.63    357.28     39.73    421.12      0.00      0.00      0.00      0.00
09:04:12 PM      eth0    522.77    450.50     49.35    512.98      0.00      0.00      0.00      0.00
09:04:13 PM      eth0    441.84    388.78     41.91    433.97      0.00      0.00      0.00      0.00
09:04:14 PM      eth0    637.37    422.22     47.23    261.57      0.00      0.00      0.00      0.00
