09:07:44 PM      eth0     12.00     11.00      1.25      1.04      0.00      0.00      0.00      0.00
09:07:45 PM      eth0     25.74     21.78      1.85     12.43      0.00      0.00      0.00      0.00
09:07:46 PM      eth0     41.41     34.34      3.16     32.46      0.00      0.00      0.00      0.00
09:07:47 PM      eth0     48.54     38.83      3.98     37.84      0.00      0.00      0.00      0.00
09:07:48 PM      eth0     79.59     65.31      6.36     56.17      0.00      0.00      0.00      0.00
09:07:49 PM      eth0     61.62     49.49      5.27     70.36      0.00      0.00      0.00      0.00
09:07:50 PM      eth0     48.00     42.00      4.08     48.18      0.00      0.00      0.00      0.00
09:07:51 PM      eth0     62.38     51.49      5.07     56.07      0.00      0.00      0.00      0.00
09:07:52 PM      eth0     72.73     56.57      5.93     62.94      0.00      0.00      0.00      0.00
09:07:53 PM      eth0    111.76     88.24      9.77     97.02      0.00      0.00      0.00      0.00
09:07:54 PM      eth0    109.18     89.80      9.24     92.03      0.00      0.00      0.00      0.00
09:07:55 PM      eth0    148.00    118.00     12.56    140.46      0.00      0.00      0.00      0.00
09:07:56 PM      eth0    118.00     94.00     10.36    116.96      0.00      0.00      0.00      0.00
09:07:57 PM      eth0    132.00    106.00     12.06    129.37      0.00      0.00      0.00      0.00
09:07:58 PM      eth0    144.76    109.52     12.54    130.72      0.00      0.00      0.00      0.00
09:07:59 PM      eth0    129.00     98.00     11.79    127.50      0.00      0.00      0.00      0.00
09:08:00 PM      eth0    149.02    115.69     13.14    126.90      0.00      0.00      0.00      0.00
09:08:01 PM      eth0    142.16    107.84     12.74    134.83      0.00      0.00      0.00      0.00
09:08:02 PM      eth0    137.00    103.00     12.36    126.03      0.00      0.00      0.00      0.00
09:08:03 PM      eth0    158.42    120.79     13.71    145.69      0.00      0.00      0.00      0.00
09:08:04 PM      eth0    168.32    126.73     14.53    148.14      0.00      0.00      0.00      0.00
09:08:05 PM      eth0    158.00    121.00     14.40    137.31      0.00      0.00      0.00      0.00
09:08:06 PM      eth0    167.00    133.00     14.34    147.38      0.00      0.00      0.00      0.00
09:08:07 PM      eth0    200.00    152.94     17.72    171.23      0.00      0.00      0.00      0.00
09:08:08 PM      eth0    185.71    147.62     16.33    174.46      0.00      0.00      0.00      0.00
09:08:09 PM      eth0    178.30    131.13     15.62    164.92      0.00      0.00      0.00      0.00
09:08:10 PM      eth0    193.14    156.86     17.53    183.12      0.00      0.00      0.00      0.00
09:08:11 PM      eth0    191.18    165.69     17.91    198.35      0.00      0.00      0.00      0.00
09:08:12 PM      eth0    187.00    154.00     17.21    170.41      0.00      0.00      0.00      0.00
09:08:13 PM      eth0    240.20    189.22     22.48    207.62      0.00      0.00      0.00      0.00
09:08:14 PM      eth0    213.86    168.32     19.22    187.29      0.00      0.00      0.00      0.00
09:08:15 PM      eth0    243.43    196.97     21.71    225.29      0.00      0.00      0.00      0.00
09:08:16 PM      eth0    214.00    177.00     19.97    207.54      0.00      0.00      0.00      0.00
09:08:17 PM      eth0    233.66    176.24     20.74    202.75      0.00      0.00      0.00      0.00
09:08:18 PM      eth0    223.81    178.10     20.30    195.91      0.00      0.00      0.00      0.00
09:08:19 PM      eth0    248.54    198.06     22.02    221.77      0.00      0.00      0.00      0.00
09:08:20 PM      eth0    253.85    188.46     22.49    233.24      0.00      0.00      0.00      0.00
09:08:21 PM      eth0    371.84    239.81     28.76    178.69      0.00      0.00      0.00      0.00
