08:56:20 PM      eth0     10.89      9.90      1.20      0.93      0.00      0.00      0.00      0.00
08:56:21 PM      eth0    140.78    117.48     10.16     81.63      0.00      0.00      0.00      0.00
08:56:22 PM      eth0    228.71    182.18     17.66    157.52      0.00      0.00      0.00      0.00
08:56:23 PM      eth0    222.33    180.58     17.71    176.12      0.00      0.00      0.00      0.00
08:56:24 PM      eth0    264.00    212.00     21.47    245.08      0.00      0.00      0.00      0.00
08:56:25 PM      eth0    337.61    258.72     27.65    278.10      0.00      0.00      0.00      0.00
08:56:26 PM      eth0    401.87    330.84     33.83    330.93      0.00      0.00      0.00      0.00
08:56:27 PM      eth0    384.31    303.92     32.12    348.43      0.00      0.00      0.00      0.00
08:56:28 PM      eth0    514.00    393.00     42.68    430.36      0.00      0.00      0.00      0.00
08:56:29 PM      eth0    537.86    432.04     46.43    491.36      0.00      0.00      0.00      0.00
08:56:30 PM      eth0    651.49    531.68     55.36    558.09      0.00      0.00      0.00      0.00
08:56:31 PM      eth0    726.47    574.51     62.16    633.45      0.00      0.00      0.00      0.00
08:56:32 PM      eth0    769.39    696.94     69.13    721.83      0.00      0.00      0.00      0.00
08:56:33 PM      eth0    724.75    593.07     63.44    648.40      0.00      0.00      0.00      0.00
08:56:34 PM      eth0    859.00    709.00     74.24    728.24      0.00      0.00      0.00      0.00
08:56:35 PM      eth0    834.65    705.94     75.18    753.60      0.00      0.00      0.00      0.00
08:56:36 PM      eth0    958.00    788.00     81.95    830.05      0.00      0.00      0.00      0.00
08:56:37 PM      eth0   1052.00    882.00     89.40    918.80      0.00      0.00      0.00      0.00
08:56:38 PM      eth0    990.91    871.72     88.76    954.57      0.00      0.00      0.00      0.00
08:56:39 PM      eth0   1095.00    915.00     96.38    985.45      0.00      0.00      0.00      0.00
08:56:40 PM      eth0   1098.02    895.05     96.56    934.02      0.00      0.00      0.00      0.00
08:56:41 PM      eth0   1234.34   1022.22    108.38   1131.00      0.00      0.00      0.00      0.00
08:56:42 PM      eth0   1116.83    908.91     99.61    992.49      0.00      0.00      0.00      0.00
08:56:43 PM      eth0   1211.00    970.00    105.71   1071.15      0.00      0.00      0.00      0.00
08:56:44 PM      eth0   1171.00    938.00    101.97   1008.30      0.00      0.00      0.00      0.00
08:56:45 PM      eth0   1077.00    917.00     96.16    975.77      0.00      0.00      0.00      0.00
08:56:46 PM      eth0   1068.00    898.00     98.38    954.65      0.00      0.00      0.00      0.00
08:56:47 PM      eth0   1024.24    841.41     93.19    926.70      0.00      0.00      0.00      0.00
08:56:48 PM      eth0    838.00    679.00     79.14    709.86      0.00      0.00      0.00      0.00
08:56:49 PM      eth0    832.67    681.19     75.56    735.90      0.00      0.00      0.00      0.00
08:56:50 PM      eth0    798.00    655.00     74.08    722.02      0.00      0.00      0.00      0.00
08:56:51 PM      eth0    766.34    602.97     69.68    629.33      0.00      0.00      0.00      0.00
08:56:52 PM      eth0    673.74    530.30     61.97    578.11      0.00      0.00      0.00      0.00
08:56:53 PM      eth0    591.00    481.00     52.99    522.50      0.00      0.00      0.00      0.00
08:56:54 PM      eth0    572.00    491.00     53.30    517.60      0.00      0.00      0.00      0.00
08:56:55 PM      eth0    568.69    473.74     52.93    497.78      0.00      0.00      0.00      0.00
08:56:56 PM      eth0    624.75    510.89     57.49    558.06      0.00      0.00      0.00      0.00
08:56:57 PM      eth0   1617.17   1428.28     90.27    712.25      0.00      0.00      0.00      0.00
