09:11:56 PM      eth0      9.00      9.00      1.12      0.86      0.00      0.00      0.00      0.00
09:11:57 PM      eth0      9.90      7.92      0.69      3.01      0.00      0.00      0.00      0.00
09:11:58 PM      eth0     22.22     20.20      1.74     19.46      0.00      0.00      0.00      0.00
09:11:59 PM      eth0     22.00     20.00      1.97     21.52      0.00      0.00      0.00      0.00
09:12:00 PM      eth0     30.30     26.26      2.21     17.44      0.00      0.00      0.00      0.00
09:12:01 PM      eth0     48.00     41.00      4.14     46.49      0.00      0.00      0.00      0.00
09:12:02 PM      eth0     37.37     30.30      3.18     40.36      0.00      0.00      0.00      0.00
09:12:03 PM      eth0     79.00     61.00      6.17     64.88      0.00      0.00      0.00      0.00
09:12:04 PM      eth0     35.00     26.00      2.99     32.13      0.00      0.00      0.00      0.00
09:12:05 PM      eth0     16.00     14.00      1.40     14.28      0.00      0.00      0.00      0.00
09:12:06 PM      eth0     64.29     52.04      5.42     64.17      0.00      0.00      0.00      0.00
09:12:07 PM      eth0     51.92     41.35      4.47     50.08      0.00      0.00      0.00      0.00
09:12:08 PM      eth0     61.00     50.00      5.52     57.65      0.00      0.00      0.00      0.00
09:12:09 PM      eth0     60.40     48.51      5.15     52.41      0.00      0.00      0.00      0.00
09:12:10 PM      eth0     80.00     70.00      7.00     83.98      0.00      0.00      0.00      0.00
09:12:11 PM      eth0     97.00     80.00      8.81     87.08      0.00      0.00      0.00      0.00
09:12:12 PM      eth0     67.33     57.43      6.48     65.53      0.00      0.00      0.00      0.00
09:12:13 PM      eth0     85.00     65.00      7.46     73.24      0.00      0.00      0.00      0.00
09:12:14 PM      eth0    102.97     83.17      9.19     86.02      0.00      0.00      0.00      0.00
09:12:15 PM      eth0    106.06     96.97     10.32    121.01      0.00      0.00      0.00      0.00
09:12:16 PM      eth0     81.00     72.00      7.17     85.82      0.00      0.00      0.00      0.00
09:12:17 PM      eth0    125.00    108.00     11.27    124.92      0.00      0.00      0.00      0.00
09:12:18 PM      eth0    101.96     91.18      9.90    113.33      0.00      0.00      0.00      0.00
09:12:19 PM      eth0    109.80     95.10     10.70    117.01      0.00      0.00      0.00      0.00
09:12:20 PM      eth0     92.16     75.49      8.51     81.53      0.00      0.00      0.00      0.00
09:12:21 PM      eth0     97.03     76.24      9.00     96.37      0.00      0.00      0.00      0.00
09:12:22 PM      eth0     97.03     80.20      9.07     94.59      0.00      0.00      0.00      0.00
09:12:23 PM      eth0    113.86     88.12     10.04    117.23      0.00      0.00      0.00      0.00
09:12:24 PM      eth0    107.92     94.06     10.29    116.72      0.00      0.00      0.00      0.00
09:12:25 PM      eth0    119.19    101.01     11.41    132.67      0.00      0.00      0.00      0.00
09:12:26 PM      eth0    100.00     83.33      9.11     95.73      0.00      0.00      0.00      0.00
09:12:27 PM      eth0    126.26    102.02     11.63    125.81      0.00      0.00      0.00      0.00
09:12:28 PM      eth0     97.09     85.44      9.28     92.41      0.00      0.00      0.00      0.00
09:12:29 PM      eth0    102.91     88.35      9.46    106.42      0.00      0.00      0.00      0.00
09:12:30 PM      eth0    126.21    102.91     12.01    121.88      0.00      0.00      0.00      0.00
09:12:31 PM      eth0    117.65    100.00     11.39    111.72      0.00      0.00      0.00      0.00
09:12:32 PM      eth0    106.80     85.44      9.99    106.02      0.00      0.00      0.00      0.00
09:12:33 PM      eth0     96.97     84.85      9.50     95.07      0.00      0.00      0.00      0.00
09:12:34 PM      eth0    111.11     96.97     10.87    110.01      0.00      0.00      0.00      0.00
