09:04:18 PM      eth0      8.91      8.91      1.11      0.85      0.00      0.00      0.00      0.00
09:04:19 PM      eth0     48.48     40.40      3.46     24.92      0.00      0.00      0.00      0.00
09:04:20 PM      eth0     93.14     75.49      7.16     68.81      0.00      0.00      0.00      0.00
09:04:21 PM      eth0     66.67     55.56      5.69     52.40      0.00      0.00      0.00      0.00
09:04:22 PM      eth0     87.13     68.32      6.86     69.35      0.00      0.00      0.00      0.00
09:04:23 PM      eth0    122.33    101.94     10.33    114.30      0.00      0.00      0.00      0.00
09:04:24 PM      eth0    125.00    103.00     10.39    115.60      0.00      0.00      0.00      0.00
09:04:25 PM      eth0    155.56    128.28     13.54    151.61      0.00      0.00      0.00      0.00
09:04:26 PM      eth0    137.00    113.00     11.91    135.28      0.00      0.00      0.00      0.00
09:04:27 PM      eth0    145.92    127.55     13.38    143.38      0.00      0.00      0.00      0.00
09:04:28 PM      eth0    157.58    132.32     13.81    152.28      0.00      0.00      0.00      0.00
09:04:29 PM      eth0    157.69    135.58     14.37    151.11      0.00      0.00      0.00      0.00
09:04:30 PM      eth0    197.09    174.76     17.94    221.31      0.00      0.00      0.00      0.00
09:04:31 PM      eth0    162.38    135.64     15.01    154.55      0.00      0.00      0.00      0.00
09:04:32 PM      eth0    193.07    157.43     17.48    186.25      0.00      0.00      0.00      0.00
09:04:33 PM      eth0    180.20    153.47     16.53    186.97      0.00      0.00      0.00      0.00
09:04:34 PM      eth0    248.51    218.81     23.30    260.70      0.00      0.00      0.00      0.00
09:04:35 PM      eth0    218.37    194.90     20.24    217.40      0.00      0.00      0.00      0.00
09:04:36 PM      eth0    247.00    199.00     22.43    226.97      0.00      0.00      0.00      0.00
09:04:37 PM      eth0    267.68    231.31     24.55    267.14      0.00      0.00      0.00      0.00
09:04:38 PM      eth0    293.94    269.70     28.92    304.26      0.00      0.00      0.00      0.00
09:04:39 PM      eth0    247.57    223.30     22.89    253.65      0.00      0.00      0.00      0.00
09:04:40 PM      eth0    333.02    278.30     30.40    312.43      0.00      0.00      0.00      0.00
09:04:41 PM      eth0    285.44    220.39     25.20    241.50      0.00      0.00      0.00      0.00
09:04:42 PM      eth0    416.83    359.41     37.39    399.26      0.00      0.00      0.00      0.00
09:04:43 PM      eth0    302.00    244.00     27.25    278.73      0.00      0.00      0.00      0.00
09:04:44 PM      eth0    326.00    270.00     29.88    306.63      0.00      0.00      0.00      0.00
09:04:45 PM      eth0    343.30    291.75     31.59    350.69      0.00      0.00      0.00      0.00
09:04:46 PM      eth0    363.64    315.15     33.46    358.34      0.00      0.00      0.00      0.00
09:04:47 PM      eth0    385.86    339.39     36.42    376.06      0.00      0.00      0.00      0.00
09:04:48 PM      eth0    396.88    354.17     37.44    399.82      0.00      0.00      0.00      0.00
09:04:49 PM      eth0    380.81    355.56     36.45    401.91      0.00      0.00      0.00      0.00
09:04:50 PM      eth0    408.26    350.46     38.13    397.33      0.00      0.00      0.00      0.00
09:04:51 PM      eth0    413.33    342.86     37.65    386.94      0.00      0.00      0.00      0.00
09:04:52 PM      eth0    413.59    366.02     38.76    422.22      0.00      0.00      0.00      0.00
09:04:53 PM      eth0    497.06    446.08     47.16    509.44      0.00      0.00      0.00      0.00
09:04:54 PM      eth0    401.98    371.29     39.47    417.66      0.00      0.00      0.00      0.00
09:04:55 PM      eth0    616.00    414.00     45.85    258.72      0.00      0.00      0.00      0.00
