09:02:56 PM      eth0     10.10     10.10      1.18      0.92      0.00      0.00      0.00      0.00
09:02:57 PM      eth0     45.00     41.00      3.26     24.73      0.00      0.00      0.00      0.00
09:02:58 PM      eth0     88.12     76.24      6.92     69.49      0.00      0.00      0.00      0.00
09:02:59 PM      eth0     61.00     57.00      5.34     51.99      0.00      0.00      0.00      0.00
09:03:00 PM      eth0     78.00     69.00      6.42     70.04      0.00      0.00      0.00      0.00
09:03:01 PM      eth0    128.57    106.12     10.56    119.79      0.00      0.00      0.00      0.00
09:03:02 PM      eth0    129.29    101.01     10.65    115.02      0.00      0.00      0.00      0.00
09:03:03 PM      eth0    162.75    123.53     13.63    148.30      0.00      0.00      0.00      0.00
09:03:04 PM      eth0    145.54    109.90     12.23    128.85      0.00      0.00      0.00      0.00
09:03:05 PM      eth0    161.76    123.53     14.14    143.06      0.00      0.00      0.00      0.00
09:03:06 PM      eth0    165.35    125.74     13.91    147.48      0.00      0.00      0.00      0.00
09:03:07 PM      eth0    191.18    140.20     16.26    155.72      0.00      0.00      0.00      0.00
09:03:08 PM      eth0    228.16    170.87     19.64    218.06      0.00      0.00      0.00      0.00
09:03:09 PM      eth0    160.61    137.37     14.82    156.61      0.00      0.00      0.00      0.00
09:03:10 PM      eth0    202.04    161.22     18.14    189.26      0.00      0.00      0.00      0.00
09:03:11 PM      eth0    196.97    158.59     17.62    190.45      0.00      0.00      0.00      0.00
09:03:12 PM      eth0    271.72    221.21     24.87    271.43      0.00      0.00      0.00      0.00
09:03:13 PM      eth0    210.28    178.50     18.92    200.54      0.00      0.00      0.00      0.00
09:03:14 PM      eth0    226.47    190.20     21.15    216.44      0.00      0.00      0.00      0.00
09:03:15 PM      eth0    275.96    225.96     24.62    260.33      0.00      0.00      0.00      0.00
09:03:16 PM      eth0    293.14    256.86     28.21    292.50      0.00      0.00      0.00      0.00
09:03:17 PM      eth0    248.54    222.33     23.10    256.05      0.00      0.00      0.00      0.00
09:03:18 PM      eth0    326.21    290.29     30.39    321.78      0.00      0.00      0.00      0.00
09:03:19 PM      eth0    255.56    223.23     24.04    249.01      0.00      0.00      0.00      0.00
09:03:20 PM      eth0    408.25    376.29     37.87    417.75      0.00      0.00      0.00      0.00
09:03:21 PM      eth0    288.00    238.00     26.40    277.84      0.00      0.00      0.00      0.00
09:03:22 PM      eth0    329.59    274.49     30.24    307.65      0.00      0.00      0.00      0.00
09:03:23 PM      eth0    317.31    270.19     29.25    327.90      0.00      0.00      0.00      0.00
09:03:24 PM      eth0    335.24    294.29     31.01    335.98      0.00      0.00      0.00      0.00
09:03:25 PM      eth0    382.00    339.00     36.12    375.27      0.00      0.00      0.00      0.00
09:03:26 PM      eth0    369.16    321.50     34.51    361.86      0.00      0.00      0.00      0.00
09:03:27 PM      eth0    387.13    338.61     36.45    393.33      0.00      0.00      0.00      0.00
09:03:28 PM      eth0    425.96    366.35     39.76    413.91      0.00      0.00      0.00      0.00
09:03:29 PM      eth0    421.00    361.00     38.88    407.92      0.00      0.00      0.00      0.00
09:03:30 PM      eth0    416.16    368.69     38.98    434.35      0.00      0.00      0.00      0.00
09:03:31 PM      eth0    523.23    453.54     49.78    521.94      0.00      0.00      0.00      0.00
09:03:32 PM      eth0    419.39    383.67     41.19    438.28      0.00      0.00      0.00      0.00
09:03:33 PM      eth0    613.27    422.45     45.45    258.53      0.00      0.00      0.00      0.00
