09:04:59 PM      eth0      9.09      9.09      1.14      0.86      0.00      0.00      0.00      0.00
09:05:00 PM      eth0     43.00     36.00      3.08     22.06      0.00      0.00      0.00      0.00
09:05:01 PM      eth0     93.00     81.00      7.29     72.80      0.00      0.00      0.00      0.00
09:05:02 PM      eth0     67.33     54.46      5.67     51.37      0.00      0.00      0.00      0.00
09:05:03 PM      eth0     85.00     71.00      6.76     70.15      0.00      0.00      0.00      0.00
09:05:04 PM      eth0    126.47    101.96     10.29    115.09      0.00      0.00      0.00      0.00
09:05:05 PM      eth0    123.76     99.01     10.21    112.74      0.00      0.00      0.00      0.00
09:05:06 PM      eth0    162.14    120.39     13.37    143.30      0.00      0.00      0.00      0.00
09:05:07 PM      eth0    153.00    114.00     12.91    133.85      0.00      0.00      0.00      0.00
09:05:08 PM      eth0    159.41    126.73     14.08    144.60      0.00      0.00      0.00      0.00
09:05:09 PM      eth0    146.67    119.05     12.66    139.31      0.00      0.00      0.00      0.00
09:05:10 PM      eth0    179.21    143.56     15.81    159.91      0.00      0.00      0.00      0.00
09:05:11 PM      eth0    211.88    171.29     18.73    219.67      0.00      0.00      0.00      0.00
09:05:12 PM      eth0    169.61    136.27     15.32    154.69      0.00      0.00      0.00      0.00
09:05:13 PM      eth0    193.00    159.00     17.60    185.54      0.00      0.00      0.00      0.00
09:05:14 PM      eth0    196.12    153.40     17.19    183.09      0.00      0.00      0.00      0.00
09:05:15 PM      eth0    266.02    208.74     24.07    255.71      0.00      0.00      0.00      0.00
09:05:16 PM      eth0    237.86    191.26     20.54    208.69      0.00      0.00      0.00      0.00
09:05:17 PM      eth0    260.19    191.26     22.69    217.18      0.00      0.00      0.00      0.00
09:05:18 PM      eth0    292.31    228.85     25.52    262.76      0.00      0.00      0.00      0.00
09:05:19 PM      eth0    290.20    256.86     28.24    292.50      0.00      0.00      0.00      0.00
09:05:20 PM      eth0    271.29    226.73     24.47    261.15      0.00      0.00      0.00      0.00
09:05:21 PM      eth0    376.77    298.99     33.41    332.01      0.00      0.00      0.00      0.00
09:05:22 PM      eth0    279.21    220.79     25.27    246.74      0.00      0.00      0.00      0.00
09:05:23 PM      eth0    438.61    363.37     38.58    401.33      0.00      0.00      0.00      0.00
09:05:24 PM      eth0    297.17    223.58     26.19    260.60      0.00      0.00      0.00      0.00
09:05:25 PM      eth0    292.59    240.74     26.80    270.32      0.00      0.00      0.00      0.00
09:05:26 PM      eth0    344.34    284.91     30.70    332.91      0.00      0.00      0.00      0.00
09:05:27 PM      eth0    382.83    313.13     34.19    354.84      0.00      0.00      0.00      0.00
09:05:28 PM      eth0    376.92    326.92     34.98    358.65      0.00      0.00      0.00      0.00
09:05:29 PM      eth0    424.24    348.48     38.83    392.72      0.00      0.00      0.00      0.00
09:05:30 PM      eth0    406.12    353.06     37.71    402.71      0.00      0.00      0.00      0.00
09:05:31 PM      eth0    453.06    385.71     42.40    437.82      0.00      0.00      0.00      0.00
09:05:32 PM      eth0    401.96    359.80     37.23    399.28      0.00      0.00      0.00      0.00
09:05:33 PM      eth0    436.36    386.87     40.66    444.58      0.00      0.00      0.00      0.00
09:05:34 PM      eth0    529.13    436.89     48.76    498.76      0.00      0.00      0.00      0.00
09:05:35 PM      eth0    400.00    366.98     38.50    407.44      0.00      0.00      0.00      0.00
09:05:36 PM      eth0    589.52    396.19     43.94    242.88      0.00      0.00      0.00      0.00
