09:20:10 PM      eth0      9.90      9.90      1.16      0.98      0.00      0.00      0.00      0.00
09:20:11 PM      eth0    116.16     96.97      8.41     67.38      0.00      0.00      0.00      0.00
09:20:12 PM      eth0    153.47    133.66     12.14    116.17      0.00      0.00      0.00      0.00
09:20:13 PM      eth0    164.36    133.66     13.34    133.56      0.00      0.00      0.00      0.00
09:20:14 PM      eth0    202.88    170.19     16.81    197.59      0.00      0.00      0.00      0.00
09:20:15 PM      eth0    221.00    174.00     17.96    189.78      0.00      0.00      0.00      0.00
09:20:16 PM      eth0    268.00    220.00     23.71    243.69      0.00      0.00      0.00      0.00
09:20:17 PM      eth0    284.00    231.00     24.05    245.45      0.00      0.00      0.00      0.00
09:20:18 PM      eth0    337.76    269.39     28.33    312.40      0.00      0.00      0.00      0.00
09:20:19 PM      eth0    359.18    288.78     30.91    317.24      0.00      0.00      0.00      0.00
09:20:20 PM      eth0    429.81    345.19     37.47    394.57      0.00      0.00      0.00      0.00
09:20:21 PM      eth0    466.02    372.82     39.94    423.21      0.00      0.00      0.00      0.00
09:20:22 PM      eth0    420.19    343.27     37.22    389.73      0.00      0.00      0.00      0.00
09:20:23 PM      eth0    435.29    371.57     39.81    395.31      0.00      0.00      0.00      0.00
09:20:24 PM      eth0    595.10    489.22     51.54    533.13      0.00      0.00      0.00      0.00
09:20:25 PM      eth0    630.69    526.73     56.60    560.14      0.00      0.00      0.00      0.00
09:20:26 PM      eth0    567.00    521.00     51.43    573.86      0.00      0.00      0.00      0.00
09:20:27 PM      eth0    618.18    561.62     57.09    611.88      0.00      0.00      0.00      0.00
09:20:28 PM      eth0    650.00    604.00     59.23    651.39      0.00      0.00      0.00      0.00
09:20:29 PM      eth0    661.62    576.77     60.51    654.05      0.00      0.00      0.00      0.00
09:20:30 PM      eth0    715.15    657.58     66.07    693.24      0.00      0.00      0.00      0.00
09:20:31 PM      eth0    792.23    691.26     71.33    757.88      0.00      0.00      0.00      0.00
09:20:32 PM      eth0    790.29    698.06     71.44    743.77      0.00      0.00      0.00      0.00
09:20:33 PM      eth0    949.02    785.29     84.17    865.98      0.00      0.00      0.00      0.00
09:20:34 PM      eth0    908.91    769.31     81.62    834.90      0.00      0.00      0.00      0.00
09:20:35 PM      eth0    932.00    825.00     85.35    905.97      0.00      0.00      0.00      0.00
09:20:36 PM      eth0    807.84    743.14     73.43    808.43      0.00      0.00      0.00      0.00
09:20:37 PM      eth0    982.83    855.56     89.06    923.34      0.00      0.00      0.00      0.00
09:20:38 PM      eth0    930.00    819.00     86.70    877.11      0.00      0.00      0.00      0.00
09:20:39 PM      eth0    969.00    841.00     88.98    925.48      0.00      0.00      0.00      0.00
09:20:40 PM      eth0    999.01    859.41     91.13    915.43      0.00      0.00      0.00      0.00
09:20:41 PM      eth0   1014.14    845.45     90.54    943.13      0.00      0.00      0.00      0.00
09:20:42 PM      eth0    928.00    796.00     84.92    847.37      0.00      0.00      0.00      0.00
09:20:43 PM      eth0    888.00    752.00     81.99    815.57      0.00      0.00      0.00      0.00
09:20:44 PM      eth0    927.00    804.00     85.69    867.54      0.00      0.00      0.00      0.00
09:20:45 PM      eth0    734.00    648.00     69.08    714.82      0.00      0.00      0.00      0.00
09:20:46 PM      eth0    728.00    637.00     68.29    711.13      0.00      0.00      0.00      0.00
09:20:47 PM      eth0    892.00    629.00     52.70    187.10      0.00      0.00      0.00      0.00
