09:16:31 PM      eth0      8.91      8.91      1.11      0.85      0.00      0.00      0.00      0.00
09:16:32 PM      eth0    124.27    104.85      9.06     73.97      0.00      0.00      0.00      0.00
09:16:33 PM      eth0    205.00    168.00     16.01    145.78      0.00      0.00      0.00      0.00
09:16:34 PM      eth0    184.31    151.96     14.89    152.46      0.00      0.00      0.00      0.00
09:16:35 PM      eth0    234.00    195.00     19.24    222.33      0.00      0.00      0.00      0.00
09:16:36 PM      eth0    228.71    200.99     19.70    235.59      0.00      0.00      0.00      0.00
09:16:37 PM      eth0    355.45    309.90     31.02    304.96      0.00      0.00      0.00      0.00
09:16:38 PM      eth0    337.37    296.97     29.38    340.25      0.00      0.00      0.00      0.00
09:16:39 PM      eth0    329.59    282.65     29.08    312.32      0.00      0.00      0.00      0.00
09:16:40 PM      eth0    479.21    393.07     41.34    435.56      0.00      0.00      0.00      0.00
09:16:41 PM      eth0    482.08    400.00     42.66    464.59      0.00      0.00      0.00      0.00
09:16:42 PM      eth0    483.50    402.91     42.76    451.24      0.00      0.00      0.00      0.00
09:16:43 PM      eth0    573.00    507.00     51.53    540.73      0.00      0.00      0.00      0.00
09:16:44 PM      eth0    641.58    592.08     59.13    613.97      0.00      0.00      0.00      0.00
09:16:45 PM      eth0    690.00    621.00     61.80    665.08      0.00      0.00      0.00      0.00
09:16:46 PM      eth0    667.68    583.84     60.20    649.87      0.00      0.00      0.00      0.00
09:16:47 PM      eth0    714.00    636.00     64.44    668.96      0.00      0.00      0.00      0.00
09:16:48 PM      eth0    861.00    771.00     78.41    805.41      0.00      0.00      0.00      0.00
09:16:49 PM      eth0    779.80    709.09     68.96    788.11      0.00      0.00      0.00      0.00
09:16:50 PM      eth0    895.00    775.00     80.10    813.88      0.00      0.00      0.00      0.00
09:16:51 PM      eth0   1046.53    869.31     92.32    956.78      0.00      0.00      0.00      0.00
09:16:52 PM      eth0    949.00    834.00     85.74    915.28      0.00      0.00      0.00      0.00
09:16:53 PM      eth0    954.90    856.86     87.16    894.31      0.00      0.00      0.00      0.00
09:16:54 PM      eth0   1036.00    921.00     95.40   1036.34      0.00      0.00      0.00      0.00
09:16:55 PM      eth0   1033.00    915.00     94.40   1006.00      0.00      0.00      0.00      0.00
09:16:56 PM      eth0   1027.00    944.00     96.07   1020.70      0.00      0.00      0.00      0.00
09:16:57 PM      eth0    882.18    825.74     83.61    884.59      0.00      0.00      0.00      0.00
09:16:58 PM      eth0    966.67    858.59     87.59    897.04      0.00      0.00      0.00      0.00
09:16:59 PM      eth0   1051.00    918.00     95.47   1006.12      0.00      0.00      0.00      0.00
09:17:00 PM      eth0   1081.37    907.84     97.94    978.26      0.00      0.00      0.00      0.00
09:17:01 PM      eth0    983.84    811.11     90.74    852.19      0.00      0.00      0.00      0.00
09:17:02 PM      eth0    998.00    800.00     90.73    917.33      0.00      0.00      0.00      0.00
09:17:03 PM      eth0    842.00    665.00     74.25    686.24      0.00      0.00      0.00      0.00
09:17:04 PM      eth0    862.00    706.00     78.98    721.66      0.00      0.00      0.00      0.00
09:17:05 PM      eth0    761.00    606.00     69.45    692.21      0.00      0.00      0.00      0.00
09:17:06 PM      eth0    698.00    580.00     63.95    629.47      0.00      0.00      0.00      0.00
09:17:07 PM      eth0    548.00    463.00     49.94    509.52      0.00      0.00      0.00      0.00
09:17:08 PM      eth0   1244.00    992.00     73.21    477.47      0.00      0.00      0.00      0.00
