09:15:00 PM      eth0     10.10     10.10      1.18      0.92      0.00      0.00      0.00      0.00
09:15:01 PM      eth0    131.37    105.88      9.45     74.69      0.00      0.00      0.00      0.00
09:15:02 PM      eth0    207.77    163.11     15.90    141.53      0.00      0.00      0.00      0.00
09:15:03 PM      eth0    201.00    157.00     15.92    155.61      0.00      0.00      0.00      0.00
09:15:04 PM      eth0    244.66    190.29     19.56    215.90      0.00      0.00      0.00      0.00
09:15:05 PM      eth0    254.81    196.15     20.78    228.86      0.00      0.00      0.00      0.00
09:15:06 PM      eth0    380.00    292.38     31.70    284.68      0.00      0.00      0.00      0.00
09:15:07 PM      eth0    381.73    287.50     31.04    331.10      0.00      0.00      0.00      0.00
09:15:08 PM      eth0    384.69    283.67     31.89    313.98      0.00      0.00      0.00      0.00
09:15:09 PM      eth0    504.95    396.04     42.73    435.75      0.00      0.00      0.00      0.00
09:15:10 PM      eth0    468.57    401.90     42.15    465.98      0.00      0.00      0.00      0.00
09:15:11 PM      eth0    491.00    419.00     43.53    468.10      0.00      0.00      0.00      0.00
09:15:12 PM      eth0    579.61    492.23     51.38    525.02      0.00      0.00      0.00      0.00
09:15:13 PM      eth0    696.08    589.22     61.45    609.06      0.00      0.00      0.00      0.00
09:15:14 PM      eth0    697.14    587.62     60.88    629.26      0.00      0.00      0.00      0.00
09:15:15 PM      eth0    663.11    568.93     59.11    629.63      0.00      0.00      0.00      0.00
09:15:16 PM      eth0    749.00    631.00     66.15    663.02      0.00      0.00      0.00      0.00
09:15:17 PM      eth0    900.99    768.32     80.09    799.29      0.00      0.00      0.00      0.00
09:15:18 PM      eth0    804.85    673.79     69.21    754.21      0.00      0.00      0.00      0.00
09:15:19 PM      eth0    906.93    772.28     80.45    818.79      0.00      0.00      0.00      0.00
09:15:20 PM      eth0   1014.00    863.00     90.76    956.51      0.00      0.00      0.00      0.00
09:15:21 PM      eth0    966.00    819.00     87.01    897.44      0.00      0.00      0.00      0.00
09:15:22 PM      eth0   1051.52    886.87     92.01    920.47      0.00      0.00      0.00      0.00
09:15:23 PM      eth0   1058.82    902.94     95.42   1009.18      0.00      0.00      0.00      0.00
09:15:24 PM      eth0   1100.00    931.00     98.45   1015.48      0.00      0.00      0.00      0.00
09:15:25 PM      eth0   1002.00    911.00     93.51    992.40      0.00      0.00      0.00      0.00
09:15:26 PM      eth0    930.00    842.00     86.88    905.12      0.00      0.00      0.00      0.00
09:15:27 PM      eth0    923.00    832.00     83.91    876.80      0.00      0.00      0.00      0.00
09:15:28 PM      eth0   1005.00    927.00     95.06   1015.07      0.00      0.00      0.00      0.00
09:15:29 PM      eth0    956.00    899.00     89.58    991.24      0.00      0.00      0.00      0.00
09:15:30 PM      eth0    898.00    795.00     86.10    825.87      0.00      0.00      0.00      0.00
09:15:31 PM      eth0    915.00    785.00     85.53    916.08      0.00      0.00      0.00      0.00
09:15:32 PM      eth0    743.00    667.00     70.81    711.33      0.00      0.00      0.00      0.00
09:15:33 PM      eth0    766.34    693.07     72.33    716.66      0.00      0.00      0.00      0.00
09:15:34 PM      eth0    735.35    658.59     68.94    732.91      0.00      0.00      0.00      0.00
09:15:35 PM      eth0    649.00    576.00     62.75    608.92      0.00      0.00      0.00      0.00
09:15:36 PM      eth0    533.00    526.00     51.65    566.84      0.00      0.00      0.00      0.00
09:15:37 PM      eth0   1210.00   1022.00     72.25    479.88      0.00      0.00      0.00      0.00
