09:02:14 PM      eth0      9.00      9.00      1.12      0.86      0.00      0.00      0.00      0.00
09:02:15 PM      eth0     98.00     86.00      7.20     59.81      0.00      0.00      0.00      0.00
09:02:16 PM      eth0    113.13     96.97      9.05     88.49      0.00      0.00      0.00      0.00
09:02:17 PM      eth0    133.00    117.00     10.84    102.37      0.00      0.00      0.00      0.00
09:02:18 PM      eth0    158.00    148.00     13.74    174.04      0.00      0.00      0.00      0.00
09:02:19 PM      eth0    150.49    132.04     12.80    153.41      0.00      0.00      0.00      0.00
09:02:20 PM      eth0    197.98    167.68     17.52    182.03      0.00      0.00      0.00      0.00
09:02:21 PM      eth0    251.02    193.88     21.38    222.36      0.00      0.00      0.00      0.00
09:02:22 PM      eth0    223.76    185.15     19.45    210.18      0.00      0.00      0.00      0.00
09:02:23 PM      eth0    227.72    185.15     19.58    220.55      0.00      0.00      0.00      0.00
09:02:24 PM      eth0    328.00    274.00     29.23    304.34      0.00      0.00      0.00      0.00
09:02:25 PM      eth0    355.88    306.86     31.66    367.00      0.00      0.00      0.00      0.00
09:02:26 PM      eth0    324.30    275.70     28.43    304.91      0.00      0.00      0.00      0.00
09:02:27 PM      eth0    341.84    290.82     31.62    319.92      0.00      0.00      0.00      0.00
09:02:28 PM      eth0    341.35    313.46     31.43    333.43      0.00      0.00      0.00      0.00
09:02:29 PM      eth0    417.82    369.31     38.32    412.51      0.00      0.00      0.00      0.00
09:02:30 PM      eth0    429.90    382.47     40.12    401.04      0.00      0.00      0.00      0.00
09:02:31 PM      eth0    517.53    436.08     46.35    511.37      0.00      0.00      0.00      0.00
09:02:32 PM      eth0    462.39    398.17     42.08    453.57      0.00      0.00      0.00      0.00
09:02:33 PM      eth0    493.46    444.86     46.14    509.47      0.00      0.00      0.00      0.00
09:02:34 PM      eth0    454.29    423.81     42.65    462.93      0.00      0.00      0.00      0.00
09:02:35 PM      eth0    547.57    516.50     51.59    555.10      0.00      0.00      0.00      0.00
09:02:36 PM      eth0    518.63    488.24     48.43    547.76      0.00      0.00      0.00      0.00
09:02:37 PM      eth0    563.81    517.14     52.38    574.72      0.00      0.00      0.00      0.00
09:02:38 PM      eth0    647.96    575.51     59.53    649.84      0.00      0.00      0.00      0.00
09:02:39 PM      eth0    686.27    605.88     63.35    637.18      0.00      0.00      0.00      0.00
09:02:40 PM      eth0    696.00    635.00     64.90    677.66      0.00      0.00      0.00      0.00
09:02:41 PM      eth0    756.57    639.39     68.22    712.75      0.00      0.00      0.00      0.00
09:02:42 PM      eth0    760.40    673.27     70.07    766.65      0.00      0.00      0.00      0.00
09:02:43 PM      eth0    747.12    631.73     67.57    683.30      0.00      0.00      0.00      0.00
09:02:44 PM      eth0    763.37    671.29     70.39    733.62      0.00      0.00      0.00      0.00
09:02:45 PM      eth0    850.50    767.33     78.36    825.85      0.00      0.00      0.00      0.00
09:02:46 PM      eth0    906.00    806.00     81.84    903.24      0.00      0.00      0.00      0.00
09:02:47 PM      eth0    843.14    742.16     78.55    811.18      0.00      0.00      0.00      0.00
09:02:48 PM      eth0    802.00    719.00     75.63    817.72      0.00      0.00      0.00      0.00
09:02:49 PM      eth0    710.89    650.50     70.34    693.61      0.00      0.00      0.00      0.00
09:02:50 PM      eth0    710.20    650.00     67.24    713.13      0.00      0.00      0.00      0.00
09:02:51 PM      eth0   1154.46    824.75     82.17    529.56      0.00      0.00      0.00      0.00
