08:55:33 PM      eth0      8.91      8.91      1.11      0.85      0.00      0.00      0.00      0.00
08:55:34 PM      eth0    161.62    133.33     11.61     92.78      0.00      0.00      0.00      0.00
08:55:35 PM      eth0    217.82    182.18     17.26    159.63      0.00      0.00      0.00      0.00
08:55:36 PM      eth0    215.84    185.15     17.51    179.85      0.00      0.00      0.00      0.00
08:55:37 PM      eth0    251.00    201.00     20.61    237.36      0.00      0.00      0.00      0.00
08:55:38 PM      eth0    371.00    311.00     31.39    334.69      0.00      0.00      0.00      0.00
08:55:39 PM      eth0    378.22    323.76     32.58    326.98      0.00      0.00      0.00      0.00
08:55:40 PM      eth0    388.12    328.71     33.31    373.62      0.00      0.00      0.00      0.00
08:55:41 PM      eth0    453.33    378.10     38.99    408.25      0.00      0.00      0.00      0.00
08:55:42 PM      eth0    462.96    404.63     41.82    470.89      0.00      0.00      0.00      0.00
08:55:43 PM      eth0    613.00    538.00     53.25    564.62      0.00      0.00      0.00      0.00
08:55:44 PM      eth0    702.97    587.13     61.45    639.77      0.00      0.00      0.00      0.00
08:55:45 PM      eth0    740.59    657.43     66.64    685.82      0.00      0.00      0.00      0.00
08:55:46 PM      eth0    721.21    629.29     64.61    689.86      0.00      0.00      0.00      0.00
08:55:47 PM      eth0    787.13    686.14     69.29    704.76      0.00      0.00      0.00      0.00
08:55:48 PM      eth0    828.00    739.00     76.11    795.33      0.00      0.00      0.00      0.00
08:55:49 PM      eth0    896.00    768.00     78.04    809.20      0.00      0.00      0.00      0.00
08:55:50 PM      eth0   1030.30    905.05     89.91    959.76      0.00      0.00      0.00      0.00
08:55:51 PM      eth0    938.24    821.57     84.00    893.06      0.00      0.00      0.00      0.00
08:55:52 PM      eth0   1117.17    942.42     98.65   1018.31      0.00      0.00      0.00      0.00
08:55:53 PM      eth0   1045.00    936.00     94.42    973.12      0.00      0.00      0.00      0.00
08:55:54 PM      eth0   1172.00   1015.00    106.68   1106.70      0.00      0.00      0.00      0.00
08:55:55 PM      eth0   1137.00    933.00    101.46   1036.39      0.00      0.00      0.00      0.00
08:55:56 PM      eth0   1081.19    941.58     97.39   1035.48      0.00      0.00      0.00      0.00
08:55:57 PM      eth0   1126.26    992.93    100.93   1057.21      0.00      0.00      0.00      0.00
08:55:58 PM      eth0   1035.29    899.02     95.43    972.23      0.00      0.00      0.00      0.00
08:55:59 PM      eth0    975.76    839.39     90.76    892.88      0.00      0.00      0.00      0.00
08:56:00 PM      eth0    920.00    810.00     87.37    864.63      0.00      0.00      0.00      0.00
08:56:01 PM      eth0    797.00    686.00     75.12    738.22      0.00      0.00      0.00      0.00
08:56:02 PM      eth0    825.74    720.79     76.74    747.95      0.00      0.00      0.00      0.00
08:56:03 PM      eth0    764.00    641.00     70.14    710.40      0.00      0.00      0.00      0.00
08:56:04 PM      eth0    669.00    578.00     62.03    600.55      0.00      0.00      0.00      0.00
08:56:05 PM      eth0    652.00    572.00     62.13    585.72      0.00      0.00      0.00      0.00
08:56:06 PM      eth0    611.11    502.02     56.06    543.84      0.00      0.00      0.00      0.00
08:56:07 PM      eth0    598.00    491.00     55.40    503.61      0.00      0.00      0.00      0.00
08:56:08 PM      eth0    596.00    507.00     54.21    510.36      0.00      0.00      0.00      0.00
08:56:09 PM      eth0    554.46    474.26     52.14    525.27      0.00      0.00      0.00      0.00
08:56:10 PM      eth0   1460.61   1225.25     81.20    605.48      0.00      0.00      0.00      0.00
