09:00:09 PM      eth0      9.09      9.09      1.14      0.86      0.00      0.00      0.00      0.00
09:00:10 PM      eth0     85.15     70.30      6.07     45.60      0.00      0.00      0.00      0.00
09:00:11 PM      eth0    133.66    106.93     10.17     92.71      0.00      0.00      0.00      0.00
09:00:12 PM      eth0    150.00    118.00     11.80    106.11      0.00      0.00      0.00      0.00
09:00:13 PM      eth0    185.00    141.00     14.91    168.89      0.00      0.00      0.00      0.00
09:00:14 PM      eth0    173.74    135.35     14.00    150.87      0.00      0.00      0.00      0.00
09:00:15 PM      eth0    201.96    154.90     16.96    173.09      0.00      0.00      0.00      0.00
09:00:16 PM      eth0    275.51    205.10     23.19    231.38      0.00      0.00      0.00      0.00
09:00:17 PM      eth0    218.00    177.00     18.97    203.92      0.00      0.00      0.00      0.00
09:00:18 PM      eth0    252.53    198.99     21.35    231.43      0.00      0.00      0.00      0.00
09:00:19 PM      eth0    317.14    248.57     27.23    276.77      0.00      0.00      0.00      0.00
09:00:20 PM      eth0    325.23    267.29     28.65    317.51      0.00      0.00      0.00      0.00
09:00:21 PM      eth0    396.08    313.73     33.80    351.92      0.00      0.00      0.00      0.00
09:00:22 PM      eth0    354.29    282.86     31.27    305.63      0.00      0.00      0.00      0.00
09:00:23 PM      eth0    378.79    320.20     34.25    343.60      0.00      0.00      0.00      0.00
09:00:24 PM      eth0    426.21    360.19     37.92    402.32      0.00      0.00      0.00      0.00
09:00:25 PM      eth0    429.70    371.29     39.07    390.17      0.00      0.00      0.00      0.00
09:00:26 PM      eth0    489.22    409.80     44.34    476.40      0.00      0.00      0.00      0.00
09:00:27 PM      eth0    447.00    410.00     42.00    474.79      0.00      0.00      0.00      0.00
09:00:28 PM      eth0    525.25    483.84     49.32    552.54      0.00      0.00      0.00      0.00
09:00:29 PM      eth0    502.00    453.00     46.77    496.79      0.00      0.00      0.00      0.00
09:00:30 PM      eth0    587.25    522.55     53.58    564.87      0.00      0.00      0.00      0.00
09:00:31 PM      eth0    553.33    471.43     49.56    514.91      0.00      0.00      0.00      0.00
09:00:32 PM      eth0    566.04    514.15     52.67    569.42      0.00      0.00      0.00      0.00
09:00:33 PM      eth0    637.50    552.88     57.35    624.24      0.00      0.00      0.00      0.00
09:00:34 PM      eth0    678.00    605.00     62.79    648.85      0.00      0.00      0.00      0.00
09:00:35 PM      eth0    734.34    641.41     67.33    680.81      0.00      0.00      0.00      0.00
09:00:36 PM      eth0    691.18    606.86     63.08    674.74      0.00      0.00      0.00      0.00
09:00:37 PM      eth0    792.93    703.03     73.28    795.85      0.00      0.00      0.00      0.00
09:00:38 PM      eth0    764.65    662.63     70.80    717.35      0.00      0.00      0.00      0.00
09:00:39 PM      eth0    780.61    682.65     72.03    756.74      0.00      0.00      0.00      0.00
09:00:40 PM      eth0    825.00    734.62     75.39    791.82      0.00      0.00      0.00      0.00
09:00:41 PM      eth0    900.00    820.00     81.25    898.16      0.00      0.00      0.00      0.00
09:00:42 PM      eth0    839.39    760.61     78.41    824.74      0.00      0.00      0.00      0.00
09:00:43 PM      eth0    776.24    720.79     74.95    827.77      0.00      0.00      0.00      0.00
09:00:44 PM      eth0    747.00    680.00     72.94    720.78      0.00      0.00      0.00      0.00
09:00:45 PM      eth0    700.00    634.34     66.32    693.08      0.00      0.00      0.00      0.00
09:00:46 PM      eth0   1230.00    909.00     89.47    615.76      0.00      0.00      0.00      0.00
